src;num_pages;page_id;page_width;page_height;id;col;row;width;height;x1;y1;x2;y2;x3;y3;x4;y4;contents;contents_masked;correctclass;tag;description
materielnet-7.tiff;1;1;2480;3508;2610;91;46;168;43;91;46;259;46;259;89;91;89;PENSION;AAAAAAA;SN;SUPPLIER_NAME;Seller/Company) name
materielnet-7.tiff;1;1;2480;3508;2611;270;46;135;43;270;46;405;46;405;89;270;89;SAINTE;AAAAAA;SN;SUPPLIER_NAME;Seller/Company) name
materielnet-7.tiff;1;1;2480;3508;2612;416;46;147;43;416;46;563;46;563;89;416;89;JEANNE;AAAAAA;SN;SUPPLIER_NAME;Seller/Company) name
materielnet-7.tiff;1;1;2480;3508;2613;575;46;113;43;575;46;688;46;688;89;575;89;D'ARC;ASAAA;SN;SUPPLIER_NAME;Seller/Company) name
materielnet-7.tiff;1;1;2480;3508;2614;91;97;147;43;91;97;238;97;238;140;91;140;JEANNE;AAAAAA;SA;SUPPLIER_ADDRESS;Seller Address
materielnet-7.tiff;1;1;2480;3508;2615;250;97;27;43;250;97;277;97;277;140;250;140;D;A;SA;SUPPLIER_ADDRESS;Seller Address
materielnet-7.tiff;1;1;2480;3508;2616;287;97;79;43;287;97;366;97;366;140;287;140;ARC;AAA;SA;SUPPLIER_ADDRESS;Seller Address
materielnet-7.tiff;1;1;2480;3508;2617;91;149;104;43;91;149;195;149;195;192;91;192;85230;NNNNN;SA;SUPPLIER_ADDRESS;Seller Address
materielnet-7.tiff;1;1;2480;3508;2618;206;149;0;43;206;149;206;149;206;192;206;192;;;SA;SUPPLIER_ADDRESS;Seller Address
materielnet-7.tiff;1;1;2480;3508;2619;216;149;110;43;216;149;326;149;326;192;216;192;SAINT;AAAAA;SA;SUPPLIER_ADDRESS;Seller Address
materielnet-7.tiff;1;1;2480;3508;2620;337;149;141;43;337;149;478;149;478;192;337;192;URBAIN;AAAAAA;SA;SUPPLIER_ADDRESS;Seller Address
materielnet-7.tiff;1;1;2480;3508;2633;1141;187;175;43;1141;187;1316;187;1316;230;1141;230;Facture-n°;AAAAAAASAS;undefined;OTHER;OTHER
materielnet-7.tiff;1;1;2480;3508;2634;1327;187;256;43;1327;187;1583;187;1583;230;1327;230;FV2010005569;AANNNNNNNNNN;IN;INVOICE_NUMBER;Invoice Number
materielnet-7.tiff;1;1;2480;3508;2635;1583;187;0;43;1583;187;1583;187;1583;230;1583;230;;;undefined;OTHER;OTHER
materielnet-7.tiff;1;1;2480;3508;2636;1594;187;12;43;1594;187;1606;187;1606;230;1594;230;-;S;undefined;OTHER;OTHER
materielnet-7.tiff;1;1;2480;3508;2637;1617;187;41;43;1617;187;1658;187;1658;230;1617;230;15;NN;IDATE;INVOICE_DATE;Invoice Date
materielnet-7.tiff;1;1;2480;3508;2638;1669;187;50;43;1669;187;1719;187;1719;230;1669;230;jun;AAA;IDATE;INVOICE_DATE;Invoice Date
materielnet-7.tiff;1;1;2480;3508;2639;1729;187;83;43;1729;187;1812;187;1812;230;1729;230;2007;NNNN;IDATE;INVOICE_DATE;Invoice Date
materielnet-7.tiff;1;1;2480;3508;2621;91;201;62;43;91;201;153;201;153;244;91;244;Tel:;AAAS;undefined;OTHER;OTHER
materielnet-7.tiff;1;1;2480;3508;2622;164;201;63;43;164;201;227;201;227;244;164;244;+33;SNN;SCN;SUPPLIER_CONTACT_NUMBER;Seller Contact Number
materielnet-7.tiff;1;1;2480;3508;2623;238;201;20;43;238;201;258;201;258;244;238;244;0;N;SCN;SUPPLIER_CONTACT_NUMBER;Seller Contact Number
materielnet-7.tiff;1;1;2480;3508;2624;269;201;62;43;269;201;331;201;331;244;269;244;604;NNN;SCN;SUPPLIER_CONTACT_NUMBER;Seller Contact Number
materielnet-7.tiff;1;1;2480;3508;2625;342;201;62;43;342;201;404;201;404;244;342;244;964;NNN;SCN;SUPPLIER_CONTACT_NUMBER;Seller Contact Number
materielnet-7.tiff;1;1;2480;3508;2626;415;201;62;43;415;201;477;201;477;244;415;244;961;NNN;SCN;SUPPLIER_CONTACT_NUMBER;Seller Contact Number
materielnet-7.tiff;1;1;2480;3508;2640;1141;239;110;43;1141;239;1251;239;1251;282;1141;282;SAINT;AAAAA;undefined;OTHER;OTHER
materielnet-7.tiff;1;1;2480;3508;2641;1262;239;141;43;1262;239;1403;239;1403;282;1262;282;URBAIN;AAAAAA;undefined;OTHER;OTHER
materielnet-7.tiff;1;1;2480;3508;2642;1414;239;10;43;1414;239;1424;239;1424;282;1414;282;,;S;undefined;OTHER;OTHER
materielnet-7.tiff;1;1;2480;3508;2643;1435;239;41;43;1435;239;1476;239;1476;282;1435;282;15;NN;undefined;OTHER;OTHER
materielnet-7.tiff;1;1;2480;3508;2644;1487;239;50;43;1487;239;1537;239;1537;282;1487;282;jun;AAA;undefined;OTHER;OTHER
materielnet-7.tiff;1;1;2480;3508;2645;1548;239;83;43;1548;239;1631;239;1631;282;1548;282;2007;NNNN;undefined;OTHER;OTHER
materielnet-7.tiff;1;1;2480;3508;2627;91;253;72;43;91;253;163;253;163;296;91;296;Fax:;AAAS;undefined;OTHER;OTHER
materielnet-7.tiff;1;1;2480;3508;2628;175;253;63;43;175;253;238;253;238;296;175;296;+33;SNN;SFAX;SUPPLIER_FAX_NUMBER;Seller Fax Number
materielnet-7.tiff;1;1;2480;3508;2629;249;253;20;43;249;253;269;253;269;296;249;296;0;N;SFAX;SUPPLIER_FAX_NUMBER;Seller Fax Number
materielnet-7.tiff;1;1;2480;3508;2630;280;253;62;43;280;253;342;253;342;296;280;296;604;NNN;SFAX;SUPPLIER_FAX_NUMBER;Seller Fax Number
materielnet-7.tiff;1;1;2480;3508;2631;353;253;62;43;353;253;415;253;415;296;353;296;964;NNN;SFAX;SUPPLIER_FAX_NUMBER;Seller Fax Number
materielnet-7.tiff;1;1;2480;3508;2632;426;253;62;43;426;253;488;253;488;296;426;296;291;NNN;SFAX;SUPPLIER_FAX_NUMBER;Seller Fax Number
materielnet-7.tiff;1;1;2480;3508;2651;1295;433;214;44;1295;433;1509;433;1509;477;1295;477;Destinataire;AAAAAAAAAAAA;undefined;OTHER;OTHER
materielnet-7.tiff;1;1;2480;3508;2663;1887;433;166;44;1887;433;2053;433;2053;477;1887;477;Livraison;AAAAAAAAA;undefined;OTHER;OTHER
materielnet-7.tiff;1;1;2480;3508;2664;2064;433;20;44;2064;433;2084;433;2084;477;2064;477;à;A;undefined;OTHER;OTHER
materielnet-7.tiff;1;1;2480;3508;2652;1295;478;41;43;1295;478;1336;478;1336;521;1295;521;M.;AS;BN;BILLING_NAME;Billing Name
materielnet-7.tiff;1;1;2480;3508;2653;1347;478;110;43;1347;478;1457;478;1457;521;1347;521;Ambre;AAAAA;BN;BILLING_NAME;Billing Name
materielnet-7.tiff;1;1;2480;3508;2654;1468;478;143;43;1468;478;1611;478;1611;521;1468;521;Francois;AAAAAAAA;BN;BILLING_NAME;Billing Name
materielnet-7.tiff;1;1;2480;3508;2665;1887;478;41;43;1887;478;1928;478;1928;521;1887;521;M.;AS;SHN;SHIPPING_NAME;Shipping Name
materielnet-7.tiff;1;1;2480;3508;2666;1939;478;110;43;1939;478;2049;478;2049;521;1939;521;Ambre;AAAAA;SHN;SHIPPING_NAME;Shipping Name
materielnet-7.tiff;1;1;2480;3508;2667;2060;478;143;43;2060;478;2203;478;2203;521;2060;521;Francois;AAAAAAAA;SHN;SHIPPING_NAME;Shipping Name
materielnet-7.tiff;1;1;2480;3508;2655;1295;521;93;43;1295;521;1388;521;1388;564;1295;564;1284,;NNNNS;BA;BILLING_ADDRESS;Billing Address
materielnet-7.tiff;1;1;2480;3508;2656;1400;521;120;43;1400;521;1520;521;1520;564;1400;564;chemin;AAAAAA;BA;BILLING_ADDRESS;Billing Address
materielnet-7.tiff;1;1;2480;3508;2657;1531;521;60;43;1531;521;1591;521;1591;564;1531;564;des;AAA;BA;BILLING_ADDRESS;Billing Address
materielnet-7.tiff;1;1;2480;3508;2658;1602;521;141;43;1602;521;1743;521;1743;564;1602;564;plateaux;AAAAAAAA;BA;BILLING_ADDRESS;Billing Address
materielnet-7.tiff;1;1;2480;3508;2659;1754;521;100;43;1754;521;1854;521;1854;564;1754;564;fleuris;AAAAAAA;BA;BILLING_ADDRESS;Billing Address
materielnet-7.tiff;1;1;2480;3508;2668;1887;521;72;43;1887;521;1959;521;1959;564;1887;564;103,;NNNS;SHA;SHIPPING_ADDRESS;Shipping Address
materielnet-7.tiff;1;1;2480;3508;2669;1970;521;122;43;1970;521;2092;521;2092;564;1970;564;laubarit;AAAAAAAA;SHA;SHIPPING_ADDRESS;Shipping Address
materielnet-7.tiff;1;1;2480;3508;2646;91;554;242;43;91;554;333;554;333;597;91;597;Commande-n°;AAAAAAAASAS;undefined;OTHER;OTHER
materielnet-7.tiff;1;1;2480;3508;2647;344;554;200;43;344;554;544;554;544;597;344;597;CD2016000;AANNNNNNN;undefined;OTHER;OTHER
materielnet-7.tiff;1;1;2480;3508;2660;1295;565;104;43;1295;565;1399;565;1399;608;1295;608;06700;NNNNN;BA;BILLING_ADDRESS;Billing Address
materielnet-7.tiff;1;1;2480;3508;2661;1410;565;350;43;1410;565;1760;565;1760;608;1410;608;Saint-Laurent-du-Var;AAAAASAAAAAAASAASAAA;BA;BILLING_ADDRESS;Billing Address
materielnet-7.tiff;1;1;2480;3508;2670;1887;565;104;43;1887;565;1991;565;1991;608;1887;608;33760;NNNNN;SHA;SHIPPING_ADDRESS;Shipping Address
materielnet-7.tiff;1;1;2480;3508;2671;2002;565;320;43;2002;565;2322;565;2322;608;2002;608;Saint-Pierre-de-Bat;AAAAASAAAAAASAASAAA;SHA;SHIPPING_ADDRESS;Shipping Address
materielnet-7.tiff;1;1;2480;3508;2648;91;597;133;38;91;597;224;597;224;635;91;635;Livraison;AAAAAAAAA;undefined;OTHER;OTHER
materielnet-7.tiff;1;1;2480;3508;2649;234;597;48;38;234;597;282;597;282;635;234;635;par;AAA;undefined;OTHER;OTHER
materielnet-7.tiff;1;1;2480;3508;2650;291;597;172;38;291;597;463;597;463;635;291;635;Chronopost;AAAAAAAAAA;undefined;OTHER;OTHER
materielnet-7.tiff;1;1;2480;3508;2662;1295;608;116;43;1295;608;1411;608;1411;651;1295;651;France;AAAAAA;BA;BILLING_ADDRESS;Billing Address
materielnet-7.tiff;1;1;2480;3508;2672;1887;608;208;43;1887;608;2095;608;2095;651;1887;651;0650321969;NNNNNNNNNN;undefined;OTHER;OTHER
materielnet-7.tiff;1;1;2480;3508;2673;100;792;68;39;100;792;168;792;168;831;100;831;QTE;AAA;undefined;OTHER;OTHER
materielnet-7.tiff;1;1;2480;3508;2674;177;792;40;39;177;792;217;792;217;831;177;831;(1);SNS;undefined;OTHER;OTHER
materielnet-7.tiff;1;1;2480;3508;2675;693;792;200;39;693;792;893;792;893;831;693;831;Désigniation;AAAAAAAAAAAA;undefined;OTHER;OTHER
materielnet-7.tiff;1;1;2480;3508;2676;1479;792;62;39;1479;792;1541;792;1541;831;1479;831;Prix;AAAA;undefined;OTHER;OTHER
materielnet-7.tiff;1;1;2480;3508;2677;1551;792;124;39;1551;792;1675;792;1675;831;1551;831;Unitaire;AAAAAAAA;undefined;OTHER;OTHER
materielnet-7.tiff;1;1;2480;3508;2678;1684;792;62;39;1684;792;1746;792;1746;831;1684;831;H.T.;ASAS;undefined;OTHER;OTHER
materielnet-7.tiff;1;1;2480;3508;2679;1983;792;62;39;1983;792;2045;792;2045;831;1983;831;Prix;AAAA;undefined;OTHER;OTHER
materielnet-7.tiff;1;1;2480;3508;2680;2055;792;79;39;2055;792;2134;792;2134;831;2055;831;Total;AAAAA;undefined;OTHER;OTHER
materielnet-7.tiff;1;1;2480;3508;2681;2144;792;53;39;2144;792;2197;792;2197;831;2144;831;H.T;ASA;undefined;OTHER;OTHER
materielnet-7.tiff;1;1;2480;3508;2682;100;831;46;38;100;831;146;831;146;869;100;869;1.0;NSN;QTY;QUANTITY;Quantity
materielnet-7.tiff;1;1;2480;3508;2683;300;831;90;38;300;831;390;831;390;869;300;869;Lingot;AAAAAA;PD;PRODUCT_DESCRIPTION;Product Description
materielnet-7.tiff;1;1;2480;3508;2684;400;831;131;38;400;831;531;831;531;869;400;869;Veritable;AAAAAAAAA;PD;PRODUCT_DESCRIPTION;Product Description
materielnet-7.tiff;1;1;2480;3508;2685;540;831;61;38;540;831;601;831;601;869;540;869;Mini;AAAA;PD;PRODUCT_DESCRIPTION;Product Description
materielnet-7.tiff;1;1;2480;3508;2686;611;831;129;38;611;831;740;831;740;869;611;869;Poivrons;AAAAAAAA;PD;PRODUCT_DESCRIPTION;Product Description
materielnet-7.tiff;1;1;2480;3508;2687;1647;831;64;38;1647;831;1711;831;1711;869;1647;869;5,38;NSNN;UP;UNIT_PRICE;Unit Price Without Tax
materielnet-7.tiff;1;1;2480;3508;2688;1721;831;18;38;1721;831;1739;831;1739;869;1721;869;$;S;UP;UNIT_PRICE;Unit Price Without Tax
materielnet-7.tiff;1;1;2480;3508;2689;2151;831;64;38;2151;831;2215;831;2215;869;2151;869;5,38;NSNN;PTWTX;PRODUCT_TOTAL_PRICE_WITHOUT_TAX;Product Total Price without TAX
materielnet-7.tiff;1;1;2480;3508;2690;2225;831;18;38;2225;831;2243;831;2243;869;2225;869;$;S;PTWTX;PRODUCT_TOTAL_PRICE_WITHOUT_TAX;Product Total Price without TAX
materielnet-7.tiff;1;1;2480;3508;2691;100;870;46;38;100;870;146;870;146;908;100;908;4.0;NSN;QTY;QUANTITY;Quantity
materielnet-7.tiff;1;1;2480;3508;2692;300;870;57;38;300;870;357;870;357;908;300;908;Plat;AAAA;PD;PRODUCT_DESCRIPTION;Product Description
materielnet-7.tiff;1;1;2480;3508;2693;366;870;18;38;366;870;384;870;384;908;366;908;à;A;PD;PRODUCT_DESCRIPTION;Product Description
materielnet-7.tiff;1;1;2480;3508;2694;394;870;57;38;394;870;451;870;451;908;394;908;four;AAAA;PD;PRODUCT_DESCRIPTION;Product Description
materielnet-7.tiff;1;1;2480;3508;2695;461;870;131;38;461;870;592;870;592;908;461;908;Baumalu;AAAAAAA;PD;PRODUCT_DESCRIPTION;Product Description
materielnet-7.tiff;1;1;2480;3508;2696;601;870;57;38;601;870;658;870;658;908;601;908;Plat;AAAA;PD;PRODUCT_DESCRIPTION;Product Description
materielnet-7.tiff;1;1;2480;3508;2697;668;870;18;38;668;870;686;870;686;908;668;908;à;A;PD;PRODUCT_DESCRIPTION;Product Description
materielnet-7.tiff;1;1;2480;3508;2698;696;870;57;38;696;870;753;870;753;908;696;908;four;AAAA;PD;PRODUCT_DESCRIPTION;Product Description
materielnet-7.tiff;1;1;2480;3508;2699;763;870;153;38;763;870;916;870;916;908;763;908;40x28.5x8;NNANNSNAN;PD;PRODUCT_DESCRIPTION;Product Description
materielnet-7.tiff;1;1;2480;3508;2700;926;870;72;38;926;870;998;870;998;908;926;908;acier;AAAAA;PD;PRODUCT_DESCRIPTION;Product Description
materielnet-7.tiff;1;1;2480;3508;2701;1007;870;92;38;1007;870;1099;870;1099;908;1007;908;revêtu;AAAAAA;PD;PRODUCT_DESCRIPTION;Product Description
materielnet-7.tiff;1;1;2480;3508;2702;1647;870;83;38;1647;870;1730;870;1730;908;1647;908;14,38;NNSNN;UP;UNIT_PRICE;Unit Price Without Tax
materielnet-7.tiff;1;1;2480;3508;2703;1739;870;18;38;1739;870;1757;870;1757;908;1739;908;$;S;UP;UNIT_PRICE;Unit Price Without Tax
materielnet-7.tiff;1;1;2480;3508;2704;2151;870;83;38;2151;870;2234;870;2234;908;2151;908;57,53;NNSNN;PTWTX;PRODUCT_TOTAL_PRICE_WITHOUT_TAX;Product Total Price without TAX
materielnet-7.tiff;1;1;2480;3508;2705;2244;870;18;38;2244;870;2262;870;2262;908;2244;908;$;S;PTWTX;PRODUCT_TOTAL_PRICE_WITHOUT_TAX;Product Total Price without TAX
materielnet-7.tiff;1;1;2480;3508;2706;100;908;46;38;100;908;146;908;146;946;100;946;4.0;NSN;QTY;QUANTITY;Quantity
materielnet-7.tiff;1;1;2480;3508;2707;300;908;113;38;300;908;413;908;413;946;300;946;Logiciel;AAAAAAAA;PD;PRODUCT_DESCRIPTION;Product Description
materielnet-7.tiff;1;1;2480;3508;2708;422;908;124;38;422;908;546;908;546;946;422;946;antivirus;AAAAAAAAA;PD;PRODUCT_DESCRIPTION;Product Description
materielnet-7.tiff;1;1;2480;3508;2709;555;908;27;38;555;908;582;908;582;946;555;946;et;AA;PD;PRODUCT_DESCRIPTION;Product Description
materielnet-7.tiff;1;1;2480;3508;2710;592;908;177;38;592;908;769;908;769;946;592;946;optimisation;AAAAAAAAAAAA;PD;PRODUCT_DESCRIPTION;Product Description
materielnet-7.tiff;1;1;2480;3508;2711;779;908;170;38;779;908;949;908;949;946;779;946;Bitdefender;AAAAAAAAAAA;PD;PRODUCT_DESCRIPTION;Product Description
materielnet-7.tiff;1;1;2480;3508;2712;959;908;127;38;959;908;1086;908;1086;946;959;946;Antivirus;AAAAAAAAA;PD;PRODUCT_DESCRIPTION;Product Description
materielnet-7.tiff;1;1;2480;3508;2713;1096;908;64;38;1096;908;1160;908;1160;946;1096;946;Plus;AAAA;PD;PRODUCT_DESCRIPTION;Product Description
materielnet-7.tiff;1;1;2480;3508;2714;1170;908;74;38;1170;908;1244;908;1244;946;1170;946;2018;NNNN;PD;PRODUCT_DESCRIPTION;Product Description
materielnet-7.tiff;1;1;2480;3508;2715;1254;908;18;38;1254;908;1272;908;1272;946;1254;946;2;N;PD;PRODUCT_DESCRIPTION;Product Description
materielnet-7.tiff;1;1;2480;3508;2716;1281;908;57;38;1281;908;1338;908;1338;946;1281;946;Ans;AAA;PD;PRODUCT_DESCRIPTION;Product Description
materielnet-7.tiff;1;1;2480;3508;2717;1348;908;18;38;1348;908;1366;908;1366;946;1348;946;3;N;PD;PRODUCT_DESCRIPTION;Product Description
materielnet-7.tiff;1;1;2480;3508;2718;1376;908;46;38;1376;908;1422;908;1422;946;1376;946;PC;AA;PD;PRODUCT_DESCRIPTION;Product Description
materielnet-7.tiff;1;1;2480;3508;2719;1647;908;83;38;1647;908;1730;908;1730;946;1647;946;33,33;NNSNN;UP;UNIT_PRICE;Unit Price Without Tax
materielnet-7.tiff;1;1;2480;3508;2720;1739;908;18;38;1739;908;1757;908;1757;946;1739;946;$;S;UP;UNIT_PRICE;Unit Price Without Tax
materielnet-7.tiff;1;1;2480;3508;2721;2151;908;101;38;2151;908;2252;908;2252;946;2151;946;133,30;NNNSNN;PTWTX;PRODUCT_TOTAL_PRICE_WITHOUT_TAX;Product Total Price without TAX
materielnet-7.tiff;1;1;2480;3508;2722;2262;908;18;38;2262;908;2280;908;2280;946;2262;946;$;S;PTWTX;PRODUCT_TOTAL_PRICE_WITHOUT_TAX;Product Total Price without TAX
materielnet-7.tiff;1;1;2480;3508;2723;1616;2270;79;39;1616;2270;1695;2270;1695;2309;1616;2309;Frais;AAAAA;undefined;OTHER;OTHER
materielnet-7.tiff;1;1;2480;3508;2724;1705;2270;38;39;1705;2270;1743;2270;1743;2309;1705;2309;de;AA;undefined;OTHER;OTHER
materielnet-7.tiff;1;1;2480;3508;2725;1753;2270;64;39;1753;2270;1817;2270;1817;2309;1753;2309;port;AAAA;undefined;OTHER;OTHER
materielnet-7.tiff;1;1;2480;3508;2726;1827;2270;11;39;1827;2270;1838;2270;1838;2309;1827;2309;:;S;undefined;OTHER;OTHER
materielnet-7.tiff;1;1;2480;3508;2727;2181;2270;64;38;2181;2270;2245;2270;2245;2308;2181;2308;0,00;NSNN;undefined;OTHER;OTHER
materielnet-7.tiff;1;1;2480;3508;2728;1733;2387;145;44;1733;2387;1878;2387;1878;2431;1733;2431;Montant;AAAAAAA;undefined;OTHER;OTHER
materielnet-7.tiff;1;1;2480;3508;2729;1889;2387;70;44;1889;2387;1959;2387;1959;2431;1889;2431;H.T.;ASAS;undefined;OTHER;OTHER
materielnet-7.tiff;1;1;2480;3508;2730;2168;2387;114;43;2168;2387;2282;2387;2282;2430;2168;2430;196,21;NNNSNN;TWTX;TOTAL_WITHOUT_TAX;TWTXS
materielnet-7.tiff;1;1;2480;3508;2731;2293;2387;20;43;2293;2387;2313;2387;2313;2430;2293;2430;$;S;TWTX;TOTAL_WITHOUT_TAX;TWTXS
materielnet-7.tiff;1;1;2480;3508;2732;1733;2448;145;44;1733;2448;1878;2448;1878;2492;1733;2492;Montant;AAAAAAA;undefined;OTHER;OTHER
materielnet-7.tiff;1;1;2480;3508;2733;1889;2448;75;44;1889;2448;1964;2448;1964;2492;1889;2492;TVA;AAA;undefined;OTHER;OTHER
materielnet-7.tiff;1;1;2480;3508;2734;1964;2448;0;44;1964;2448;1964;2448;1964;2492;1964;2492;;;undefined;OTHER;OTHER
materielnet-7.tiff;1;1;2480;3508;2735;1974;2448;75;44;1974;2448;2049;2448;2049;2492;1974;2492;20%;NNS;undefined;OTHER;OTHER
materielnet-7.tiff;1;1;2480;3508;2736;2258;2448;93;43;2258;2448;2351;2448;2351;2491;2258;2491;39,24;NNSNN;TTX;TOTAL_TAX;Total Tax
materielnet-7.tiff;1;1;2480;3508;2737;2362;2448;20;43;2362;2448;2382;2448;2382;2491;2362;2491;$;S;TTX;TOTAL_TAX;Total Tax
materielnet-7.tiff;1;1;2480;3508;2738;1733;2510;145;44;1733;2510;1878;2510;1878;2554;1733;2554;Montant;AAAAAAA;undefined;OTHER;OTHER
materielnet-7.tiff;1;1;2480;3508;2739;1889;2510;72;44;1889;2510;1961;2510;1961;2554;1889;2554;TTC;AAA;undefined;OTHER;OTHER
materielnet-7.tiff;1;1;2480;3508;2740;2170;2510;114;43;2170;2510;2284;2510;2284;2553;2170;2553;235,45;NNNSNN;TA;TOTAL_AMOUNT;Total with TAX
materielnet-7.tiff;1;1;2480;3508;2741;2295;2510;20;43;2295;2510;2315;2510;2315;2553;2295;2553;$;S;TA;TOTAL_AMOUNT;Total with TAX
materielnet-7.tiff;1;1;2480;3508;2742;870;2658;152;44;870;2658;1022;2658;1022;2702;870;2702;Modalité;AAAAAAAA;undefined;OTHER;OTHER
materielnet-7.tiff;1;1;2480;3508;2743;1033;2658;33;44;1033;2658;1066;2658;1066;2702;1033;2702;et;AA;undefined;OTHER;OTHER
materielnet-7.tiff;1;1;2480;3508;2744;1077;2658;189;44;1077;2658;1266;2658;1266;2702;1077;2702;conditions;AAAAAAAAAA;undefined;OTHER;OTHER
materielnet-7.tiff;1;1;2480;3508;2745;1277;2658;43;44;1277;2658;1320;2658;1320;2702;1277;2702;de;AA;undefined;OTHER;OTHER
materielnet-7.tiff;1;1;2480;3508;2746;1331;2658;179;44;1331;2658;1510;2658;1510;2702;1331;2702;règlement;AAAAAAAAA;undefined;OTHER;OTHER
materielnet-7.tiff;1;1;2480;3508;2747;91;2716;93;43;91;2716;184;2716;184;2759;91;2759;Mode;AAAA;undefined;OTHER;OTHER
materielnet-7.tiff;1;1;2480;3508;2748;195;2716;41;43;195;2716;236;2716;236;2759;195;2759;de;AA;undefined;OTHER;OTHER
materielnet-7.tiff;1;1;2480;3508;2749;248;2716;166;43;248;2716;414;2716;414;2759;248;2759;règlement;AAAAAAAAA;undefined;OTHER;OTHER
materielnet-7.tiff;1;1;2480;3508;2750;425;2716;10;43;425;2716;435;2716;435;2759;425;2759;:;S;undefined;OTHER;OTHER
materielnet-7.tiff;1;1;2480;3508;2753;1320;2716;150;43;1320;2716;1470;2716;1470;2759;1320;2759;Virement;AAAAAAAA;PMODE;PAYMENT_MODE;Payment Mode
materielnet-7.tiff;1;1;2480;3508;2751;91;2760;166;43;91;2760;257;2760;257;2803;91;2803;Echéance;AAAAAAAA;undefined;OTHER;OTHER
materielnet-7.tiff;1;1;2480;3508;2752;268;2760;10;43;268;2760;278;2760;278;2803;268;2803;:;S;undefined;OTHER;OTHER
materielnet-7.tiff;1;1;2480;3508;2754;1320;2760;162;43;1320;2760;1482;2760;1482;2803;1320;2803;Comptant;AAAAAAAA;undefined;OTHER;OTHER
materielnet-7.tiff;1;1;2480;3508;2755;728;3166;131;33;728;3166;859;3166;859;3199;728;3199;PENSION;AAAAAAA;undefined;OTHER;OTHER
materielnet-7.tiff;1;1;2480;3508;2756;867;3166;105;33;867;3166;972;3166;972;3199;867;3199;SAINTE;AAAAAA;undefined;OTHER;OTHER
materielnet-7.tiff;1;1;2480;3508;2757;981;3166;115;33;981;3166;1096;3166;1096;3199;981;3199;JEANNE;AAAAAA;undefined;OTHER;OTHER
materielnet-7.tiff;1;1;2480;3508;2758;1104;3166;88;33;1104;3166;1192;3166;1192;3199;1104;3199;D'ARC;ASAAA;undefined;OTHER;OTHER
materielnet-7.tiff;1;1;2480;3508;2759;1200;3166;9;33;1200;3166;1209;3166;1209;3199;1200;3199;-;S;undefined;OTHER;OTHER
materielnet-7.tiff;1;1;2480;3508;2760;1218;3166;115;33;1218;3166;1333;3166;1333;3199;1218;3199;JEANNE;AAAAAA;undefined;OTHER;OTHER
materielnet-7.tiff;1;1;2480;3508;2761;1341;3166;21;33;1341;3166;1362;3166;1362;3199;1341;3199;D;A;undefined;OTHER;OTHER
materielnet-7.tiff;1;1;2480;3508;2762;1370;3166;61;33;1370;3166;1431;3166;1431;3199;1370;3199;ARC;AAA;undefined;OTHER;OTHER
materielnet-7.tiff;1;1;2480;3508;2763;1432;3166;0;33;1432;3166;1432;3166;1432;3199;1432;3199;;;undefined;OTHER;OTHER
materielnet-7.tiff;1;1;2480;3508;2764;1440;3166;9;33;1440;3166;1449;3166;1449;3199;1440;3199;-;S;undefined;OTHER;OTHER
materielnet-7.tiff;1;1;2480;3508;2765;1458;3166;81;33;1458;3166;1539;3166;1539;3199;1458;3199;85230;NNNNN;undefined;OTHER;OTHER
materielnet-7.tiff;1;1;2480;3508;2766;1547;3166;85;33;1547;3166;1632;3166;1632;3199;1547;3199;SAINT;AAAAA;undefined;OTHER;OTHER
materielnet-7.tiff;1;1;2480;3508;2767;1641;3166;110;33;1641;3166;1751;3166;1751;3199;1641;3199;URBAIN;AAAAAA;undefined;OTHER;OTHER
materielnet-7.tiff;1;1;2480;3508;2768;851;3208;48;33;851;3208;899;3208;899;3241;851;3241;Tel:;AAAS;undefined;OTHER;OTHER
materielnet-7.tiff;1;1;2480;3508;2769;908;3208;49;33;908;3208;957;3208;957;3241;908;3241;+33;SNN;SCN;SUPPLIER_CONTACT_NUMBER;Seller Contact Number
materielnet-7.tiff;1;1;2480;3508;2770;966;3208;16;33;966;3208;982;3208;982;3241;966;3241;0;N;SCN;SUPPLIER_CONTACT_NUMBER;Seller Contact Number
materielnet-7.tiff;1;1;2480;3508;2771;990;3208;48;33;990;3208;1038;3208;1038;3241;990;3241;604;NNN;SCN;SUPPLIER_CONTACT_NUMBER;Seller Contact Number
materielnet-7.tiff;1;1;2480;3508;2772;1047;3208;48;33;1047;3208;1095;3208;1095;3241;1047;3241;964;NNN;SCN;SUPPLIER_CONTACT_NUMBER;Seller Contact Number
materielnet-7.tiff;1;1;2480;3508;2773;1103;3208;48;33;1103;3208;1151;3208;1151;3241;1103;3241;961;NNN;SCN;SUPPLIER_CONTACT_NUMBER;Seller Contact Number
materielnet-7.tiff;1;1;2480;3508;2774;1152;3208;0;33;1152;3208;1152;3208;1152;3241;1152;3241;;;undefined;OTHER;OTHER
materielnet-7.tiff;1;1;2480;3508;2775;1160;3208;9;33;1160;3208;1169;3208;1169;3241;1160;3241;-;S;undefined;OTHER;OTHER
materielnet-7.tiff;1;1;2480;3508;2776;1178;3208;56;33;1178;3208;1234;3208;1234;3241;1178;3241;Fax:;AAAS;undefined;OTHER;OTHER
materielnet-7.tiff;1;1;2480;3508;2777;1243;3208;49;33;1243;3208;1292;3208;1292;3241;1243;3241;+33;SNN;SFAX;SUPPLIER_FAX_NUMBER;Seller Fax Number
materielnet-7.tiff;1;1;2480;3508;2778;1300;3208;16;33;1300;3208;1316;3208;1316;3241;1300;3241;0;N;SFAX;SUPPLIER_FAX_NUMBER;Seller Fax Number
materielnet-7.tiff;1;1;2480;3508;2779;1325;3208;48;33;1325;3208;1373;3208;1373;3241;1325;3241;604;NNN;SFAX;SUPPLIER_FAX_NUMBER;Seller Fax Number
materielnet-7.tiff;1;1;2480;3508;2780;1382;3208;48;33;1382;3208;1430;3208;1430;3241;1382;3241;964;NNN;SFAX;SUPPLIER_FAX_NUMBER;Seller Fax Number
materielnet-7.tiff;1;1;2480;3508;2781;1438;3208;48;33;1438;3208;1486;3208;1486;3241;1438;3241;291;NNN;SFAX;SUPPLIER_FAX_NUMBER;Seller Fax Number
materielnet-7.tiff;1;1;2480;3508;2782;1487;3208;0;33;1487;3208;1487;3208;1487;3241;1487;3241;;;undefined;OTHER;OTHER
materielnet-7.tiff;1;1;2480;3508;2783;1495;3208;9;33;1495;3208;1504;3208;1504;3241;1495;3241;-;S;undefined;OTHER;OTHER
materielnet-7.tiff;1;1;2480;3508;2784;1513;3208;107;33;1513;3208;1620;3208;1620;3241;1513;3241;Internet.;AAAAAAAAS;undefined;OTHER;OTHER
materielnet-7.tiff;1;1;2480;3508;2785;524;3249;58;33;524;3249;582;3249;582;3282;524;3282;SAS;AAA;undefined;OTHER;OTHER
materielnet-7.tiff;1;1;2480;3508;2786;591;3249;32;33;591;3249;623;3249;623;3282;591;3282;au;AA;undefined;OTHER;OTHER
materielnet-7.tiff;1;1;2480;3508;2787;631;3249;84;33;631;3249;715;3249;715;3282;631;3282;capital;AAAAAAA;undefined;OTHER;OTHER
materielnet-7.tiff;1;1;2480;3508;2788;724;3249;32;33;724;3249;756;3249;756;3282;724;3282;de;AA;undefined;OTHER;OTHER
materielnet-7.tiff;1;1;2480;3508;2789;764;3249;97;33;764;3249;861;3249;861;3282;764;3282;352907;NNNNNN;undefined;OTHER;OTHER
materielnet-7.tiff;1;1;2480;3508;2790;870;3249;45;33;870;3249;915;3249;915;3282;870;3282;Eur;AAA;undefined;OTHER;OTHER
materielnet-7.tiff;1;1;2480;3508;2791;923;3249;9;33;923;3249;932;3249;932;3282;923;3282;-;S;undefined;OTHER;OTHER
materielnet-7.tiff;1;1;2480;3508;2792;941;3249;32;33;941;3249;973;3249;973;3282;941;3282;N°;AS;undefined;OTHER;OTHER
materielnet-7.tiff;1;1;2480;3508;2793;982;3249;59;33;982;3249;1041;3249;1041;3282;982;3282;Siret;AAAAA;undefined;OTHER;OTHER
materielnet-7.tiff;1;1;2480;3508;2794;1050;3249;48;33;1050;3249;1098;3249;1098;3282;1050;3282;673;NNN;SSIRET;SUPPLIER_SIRET;Seller Siret
materielnet-7.tiff;1;1;2480;3508;2795;1107;3249;48;33;1107;3249;1155;3249;1155;3282;1107;3282;504;NNN;SSIRET;SUPPLIER_SIRET;Seller Siret
materielnet-7.tiff;1;1;2480;3508;2796;1163;3249;48;33;1163;3249;1211;3249;1211;3282;1163;3282;133;NNN;SSIRET;SUPPLIER_SIRET;Seller Siret
materielnet-7.tiff;1;1;2480;3508;2797;1220;3249;81;33;1220;3249;1301;3249;1301;3282;1220;3282;37086;NNNNN;SSIRET;SUPPLIER_SIRET;Seller Siret
materielnet-7.tiff;1;1;2480;3508;2798;1301;3249;0;33;1301;3249;1301;3249;1301;3282;1301;3282;;;undefined;OTHER;OTHER
materielnet-7.tiff;1;1;2480;3508;2799;1309;3249;9;33;1309;3249;1318;3249;1318;3282;1309;3282;-;S;undefined;OTHER;OTHER
materielnet-7.tiff;1;1;2480;3508;2800;1327;3249;58;33;1327;3249;1385;3249;1385;3282;1327;3282;NAF;AAA;undefined;OTHER;OTHER
materielnet-7.tiff;1;1;2480;3508;2801;1386;3249;0;33;1386;3249;1386;3249;1386;3282;1386;3282;;;undefined;OTHER;OTHER
materielnet-7.tiff;1;1;2480;3508;2802;1394;3249;9;33;1394;3249;1403;3249;1403;3282;1394;3282;-;S;undefined;OTHER;OTHER
materielnet-7.tiff;1;1;2480;3508;2803;1412;3249;32;33;1412;3249;1444;3249;1444;3282;1412;3282;N°;AS;undefined;OTHER;OTHER
materielnet-7.tiff;1;1;2480;3508;2804;1452;3249;163;33;1452;3249;1615;3249;1615;3282;1452;3282;Identification;AAAAAAAAAAAAAA;undefined;OTHER;OTHER
materielnet-7.tiff;1;1;2480;3508;2805;1624;3249;56;33;1624;3249;1680;3249;1680;3282;1624;3282;TVA;AAA;undefined;OTHER;OTHER
materielnet-7.tiff;1;1;2480;3508;2806;1689;3249;8;33;1689;3249;1697;3249;1697;3282;1689;3282;:;S;undefined;OTHER;OTHER
materielnet-7.tiff;1;1;2480;3508;2807;1705;3249;38;33;1705;3249;1743;3249;1743;3282;1705;3282;FR;AA;SVAT;SUPPLIER_VAT;Seller Vat Number/TVA
materielnet-7.tiff;1;1;2480;3508;2808;1752;3249;32;33;1752;3249;1784;3249;1784;3282;1752;3282;83;NN;SVAT;SUPPLIER_VAT;Seller Vat Number/TVA
materielnet-7.tiff;1;1;2480;3508;2809;1793;3249;48;33;1793;3249;1841;3249;1841;3282;1793;3282;673;NNN;SVAT;SUPPLIER_VAT;Seller Vat Number/TVA
materielnet-7.tiff;1;1;2480;3508;2810;1850;3249;48;33;1850;3249;1898;3249;1898;3282;1850;3282;504;NNN;SVAT;SUPPLIER_VAT;Seller Vat Number/TVA
materielnet-7.tiff;1;1;2480;3508;2811;1906;3249;48;33;1906;3249;1954;3249;1954;3282;1906;3282;133;NNN;SVAT;SUPPLIER_VAT;Seller Vat Number/TVA
