src;num_pages;page_id;page_width;page_height;id;col;row;width;height;x1;y1;x2;y2;x3;y3;x4;y4;contents;contents_masked;correctclass;tag;description
cdiscount158.tiff;1;1;2480;3508;75448;1584;137;135;44;1584;137;1719;137;1719;181;1584;181;Facture;AAAAAAA;undefined;OTHER;OTHER
cdiscount158.tiff;1;1;2480;3508;75449;1730;137;37;44;1730;137;1767;137;1767;181;1730;181;n°;AS;undefined;OTHER;OTHER
cdiscount158.tiff;1;1;2480;3508;75450;1778;137;220;44;1778;137;1998;137;1998;181;1778;181;6042-782851;NNNNSNNNNNN;IN;INVOICE_NUMBER;Invoice Number
cdiscount158.tiff;1;1;2480;3508;75416;141;201;135;43;141;201;276;201;276;244;141;244;CHALIS;AAAAAA;SN;SUPPLIER_NAME;Seller/Company) name
cdiscount158.tiff;1;1;2480;3508;75417;287;201;47;43;287;201;334;201;334;244;287;244;TP;AA;SN;SUPPLIER_NAME;Seller/Company) name
cdiscount158.tiff;1;1;2480;3508;75451;1651;204;45;44;1651;204;1696;204;1696;248;1651;248;du;AA;undefined;OTHER;OTHER
cdiscount158.tiff;1;1;2480;3508;75452;1707;204;20;44;1707;204;1727;204;1727;248;1707;248;1;N;IDATE;INVOICE_DATE;Invoice Date
cdiscount158.tiff;1;1;2480;3508;75453;1738;204;56;44;1738;204;1794;204;1794;248;1738;248;feb;AAA;IDATE;INVOICE_DATE;Invoice Date
cdiscount158.tiff;1;1;2480;3508;75454;1805;204;83;44;1805;204;1888;204;1888;248;1805;248;1997;NNNN;IDATE;INVOICE_DATE;Invoice Date
cdiscount158.tiff;1;1;2480;3508;75418;141;257;116;43;141;257;257;257;257;300;141;300;Capital;AAAAAAA;undefined;OTHER;OTHER
cdiscount158.tiff;1;1;2480;3508;75419;268;257;41;43;268;257;309;257;309;300;268;300;de;AA;undefined;OTHER;OTHER
cdiscount158.tiff;1;1;2480;3508;75420;320;257;145;43;320;257;465;257;465;300;320;300;3122296;NNNNNNN;undefined;OTHER;OTHER
cdiscount158.tiff;1;1;2480;3508;75421;477;257;93;43;477;257;570;257;570;300;477;300;euros;AAAAA;undefined;OTHER;OTHER
cdiscount158.tiff;1;1;2480;3508;75422;141;312;83;43;141;312;224;312;224;355;141;355;2171;NNNN;SA;SUPPLIER_ADDRESS;Seller Address
cdiscount158.tiff;1;1;2480;3508;75423;235;312;131;43;235;312;366;312;366;355;235;355;ROUTE;AAAAA;SA;SUPPLIER_ADDRESS;Seller Address
cdiscount158.tiff;1;1;2480;3508;75424;377;312;52;43;377;312;429;312;429;355;377;355;DE;AA;SA;SUPPLIER_ADDRESS;Seller Address
cdiscount158.tiff;1;1;2480;3508;75425;439;312;233;43;439;312;672;312;672;355;439;355;MALAUCENE;AAAAAAAAA;SA;SUPPLIER_ADDRESS;Seller Address
cdiscount158.tiff;1;1;2480;3508;75426;141;368;104;43;141;368;245;368;245;411;141;411;84330;NNNNN;SA;SUPPLIER_ADDRESS;Seller Address
cdiscount158.tiff;1;1;2480;3508;75427;256;368;0;43;256;368;256;368;256;411;256;411;;;SA;SUPPLIER_ADDRESS;Seller Address
cdiscount158.tiff;1;1;2480;3508;75428;266;368;45;43;266;368;311;368;311;411;266;411;LE;AA;SA;SUPPLIER_ADDRESS;Seller Address
cdiscount158.tiff;1;1;2480;3508;75429;323;368;185;43;323;368;508;368;508;411;323;411;BARROUX;AAAAAAA;SA;SUPPLIER_ADDRESS;Seller Address
cdiscount158.tiff;1;1;2480;3508;75430;141;424;121;43;141;424;262;424;262;467;141;467;N°RCS;ASAAA;undefined;OTHER;OTHER
cdiscount158.tiff;1;1;2480;3508;75431;273;424;62;43;273;424;335;424;335;467;273;467;776;NNN;SCID;SUPPLIER_ID;Seller Identifier Number (Siren)
cdiscount158.tiff;1;1;2480;3508;75432;346;424;62;43;346;424;408;424;408;467;346;467;524;NNN;SCID;SUPPLIER_ID;Seller Identifier Number (Siren)
cdiscount158.tiff;1;1;2480;3508;75433;419;424;62;43;419;424;481;424;481;467;419;467;237;NNN;SCID;SUPPLIER_ID;Seller Identifier Number (Siren)
cdiscount158.tiff;1;1;2480;3508;75434;481;424;0;43;481;424;481;424;481;467;481;467;;;SA;SUPPLIER_ADDRESS;Seller Address
cdiscount158.tiff;1;1;2480;3508;75435;492;424;45;43;492;424;537;424;537;467;492;467;LE;AA;SA;SUPPLIER_ADDRESS;Seller Address
cdiscount158.tiff;1;1;2480;3508;75436;548;424;185;43;548;424;733;424;733;467;548;467;BARROUX;AAAAAAA;SA;SUPPLIER_ADDRESS;Seller Address
cdiscount158.tiff;1;1;2480;3508;75437;141;480;47;43;141;480;188;480;188;523;141;523;No;AA;undefined;OTHER;OTHER
cdiscount158.tiff;1;1;2480;3508;75438;200;480;100;43;200;480;300;480;300;523;200;523;identif;AAAAAAA;undefined;OTHER;OTHER
cdiscount158.tiff;1;1;2480;3508;75439;310;480;177;43;310;480;487;480;487;523;310;523;Intracomm;AAAAAAAAA;undefined;OTHER;OTHER
cdiscount158.tiff;1;1;2480;3508;75440;498;480;10;43;498;480;508;480;508;523;498;523;:;S;undefined;OTHER;OTHER
cdiscount158.tiff;1;1;2480;3508;75441;518;480;49;43;518;480;567;480;567;523;518;523;FR;AA;SVAT;SUPPLIER_VAT;Seller Vat Number/TVA
cdiscount158.tiff;1;1;2480;3508;75442;579;480;41;43;579;480;620;480;620;523;579;523;62;NN;SVAT;SUPPLIER_VAT;Seller Vat Number/TVA
cdiscount158.tiff;1;1;2480;3508;75443;631;480;62;43;631;480;693;480;693;523;631;523;776;NNN;SVAT;SUPPLIER_VAT;Seller Vat Number/TVA
cdiscount158.tiff;1;1;2480;3508;75444;704;480;62;43;704;480;766;480;766;523;704;523;524;NNN;SVAT;SUPPLIER_VAT;Seller Vat Number/TVA
cdiscount158.tiff;1;1;2480;3508;75445;777;480;62;43;777;480;839;480;839;523;777;523;237;NNN;SVAT;SUPPLIER_VAT;Seller Vat Number/TVA
cdiscount158.tiff;1;1;2480;3508;75446;141;536;75;43;141;536;216;536;216;579;141;579;NAF;AAA;undefined;OTHER;OTHER
cdiscount158.tiff;1;1;2480;3508;75447;227;536;10;43;227;536;237;536;237;579;227;579;:;S;undefined;OTHER;OTHER
cdiscount158.tiff;1;1;2480;3508;75455;362;658;270;44;362;658;632;658;632;702;362;702;FACTURATION;AAAAAAAAAAA;undefined;OTHER;OTHER
cdiscount158.tiff;1;1;2480;3508;75456;1316;658;204;44;1316;658;1520;658;1520;702;1316;702;LIVRAISON;AAAAAAAAA;undefined;OTHER;OTHER
cdiscount158.tiff;1;1;2480;3508;75457;375;717;120;44;375;717;495;717;495;761;375;761;Manon;AAAAA;BN;BILLING_NAME;Billing Name
cdiscount158.tiff;1;1;2480;3508;75458;506;717;112;44;506;717;618;717;618;761;506;761;Fleury;AAAAAA;BN;BILLING_NAME;Billing Name
cdiscount158.tiff;1;1;2480;3508;75465;1333;717;120;44;1333;717;1453;717;1453;761;1333;761;Manon;AAAAA;SHN;SHIPPING_NAME;Shipping Name
cdiscount158.tiff;1;1;2480;3508;75466;1464;717;112;44;1464;717;1576;717;1576;761;1464;761;Fleury;AAAAAA;SHN;SHIPPING_NAME;Shipping Name
cdiscount158.tiff;1;1;2480;3508;75459;375;782;52;43;375;782;427;782;427;825;375;825;14,;NNS;BA;BILLING_ADDRESS;Billing Address
cdiscount158.tiff;1;1;2480;3508;75460;437;782;54;43;437;782;491;782;491;825;437;825;rue;AAA;BA;BILLING_ADDRESS;Billing Address
cdiscount158.tiff;1;1;2480;3508;75461;502;782;41;43;502;782;543;782;543;825;502;825;du;AA;BA;BILLING_ADDRESS;Billing Address
cdiscount158.tiff;1;1;2480;3508;75462;554;782;139;43;554;782;693;782;693;825;554;825;réveillon;AAAAAAAAA;BA;BILLING_ADDRESS;Billing Address
cdiscount158.tiff;1;1;2480;3508;75467;1333;782;52;43;1333;782;1385;782;1385;825;1333;825;14,;NNS;SHA;SHIPPING_ADDRESS;Shipping Address
cdiscount158.tiff;1;1;2480;3508;75468;1395;782;54;43;1395;782;1449;782;1449;825;1395;825;rue;AAA;SHA;SHIPPING_ADDRESS;Shipping Address
cdiscount158.tiff;1;1;2480;3508;75469;1460;782;41;43;1460;782;1501;782;1501;825;1460;825;du;AA;SHA;SHIPPING_ADDRESS;Shipping Address
cdiscount158.tiff;1;1;2480;3508;75470;1512;782;139;43;1512;782;1651;782;1651;825;1512;825;réveillon;AAAAAAAAA;SHA;SHIPPING_ADDRESS;Shipping Address
cdiscount158.tiff;1;1;2480;3508;75463;375;867;104;43;375;867;479;867;479;910;375;910;91800;NNNNN;BA;BILLING_ADDRESS;Billing Address
cdiscount158.tiff;1;1;2480;3508;75464;489;867;160;43;489;867;649;867;649;910;489;910;BRUNOY;AAAAAA;BA;BILLING_ADDRESS;Billing Address
cdiscount158.tiff;1;1;2480;3508;75471;1333;867;104;43;1333;867;1437;867;1437;910;1333;910;91800;NNNNN;SHA;SHIPPING_ADDRESS;Shipping Address
cdiscount158.tiff;1;1;2480;3508;75472;1448;867;160;43;1448;867;1608;867;1608;910;1448;910;BRUNOY;AAAAAA;SHA;SHIPPING_ADDRESS;Shipping Address
cdiscount158.tiff;1;1;2480;3508;75473;366;946;122;38;366;946;488;946;488;984;366;984;Adresse;AAAAAAA;undefined;OTHER;OTHER
cdiscount158.tiff;1;1;2480;3508;75474;498;946;90;38;498;946;588;946;588;984;498;984;e-mail;ASAAAA;undefined;OTHER;OTHER
cdiscount158.tiff;1;1;2480;3508;75483;729;946;228;38;729;946;957;946;957;984;729;984;hjk@gmail.com;AAASAAAAASAAA;undefined;OTHER;OTHER
cdiscount158.tiff;1;1;2480;3508;75489;1337;946;33;38;1337;946;1370;946;1370;984;1337;984;ID;AA;undefined;OTHER;OTHER
cdiscount158.tiff;1;1;2480;3508;75490;1380;946;85;38;1380;946;1465;946;1465;984;1380;984;Client;AAAAAA;undefined;OTHER;OTHER
cdiscount158.tiff;1;1;2480;3508;75501;1654;946;140;38;1654;946;1794;946;1794;984;1654;984;708-0998;NNNSNNNN;CNUM;CLIENT_NUMBER;Client Number
cdiscount158.tiff;1;1;2480;3508;75475;366;995;172;38;366;995;538;995;538;1033;366;1033;Commande;AAAAAAAA;undefined;OTHER;OTHER
cdiscount158.tiff;1;1;2480;3508;75476;548;995;31;38;548;995;579;995;579;1033;548;1033;n°;AS;undefined;OTHER;OTHER
cdiscount158.tiff;1;1;2480;3508;75484;729;995;122;38;729;995;851;995;851;1033;729;1033;109-998;NNNSNNN;ONUM;ORDER_NUMBER;Order Number
cdiscount158.tiff;1;1;2480;3508;75491;1337;995;172;38;1337;995;1509;995;1509;1033;1337;1033;Commandé;AAAAAAAA;undefined;OTHER;OTHER
cdiscount158.tiff;1;1;2480;3508;75492;1519;995;25;38;1519;995;1544;995;1544;1033;1519;1033;le;AA;undefined;OTHER;OTHER
cdiscount158.tiff;1;1;2480;3508;75502;1654;995;37;38;1654;995;1691;995;1691;1033;1654;1033;28;NN;IDATE;INVOICE_DATE;Invoice Date
cdiscount158.tiff;1;1;2480;3508;75503;1700;995;55;38;1700;995;1755;995;1755;1033;1700;1033;ene;AAA;IDATE;INVOICE_DATE;Invoice Date
cdiscount158.tiff;1;1;2480;3508;75504;1765;995;74;38;1765;995;1839;995;1839;1033;1765;1033;1997;NNNN;IDATE;INVOICE_DATE;Invoice Date
cdiscount158.tiff;1;1;2480;3508;75477;366;1044;100;38;366;1044;466;1044;466;1082;366;1082;Moyen;AAAAA;undefined;OTHER;OTHER
cdiscount158.tiff;1;1;2480;3508;75478;475;1044;37;38;475;1044;512;1044;512;1082;475;1082;de;AA;undefined;OTHER;OTHER
cdiscount158.tiff;1;1;2480;3508;75479;522;1044;137;38;522;1044;659;1044;659;1082;522;1082;paiement;AAAAAAAA;undefined;OTHER;OTHER
cdiscount158.tiff;1;1;2480;3508;75485;729;1044;101;38;729;1044;830;1044;830;1082;729;1082;Paypal;AAAAAA;PMODE;PAYMENT_MODE;Payment Mode
cdiscount158.tiff;1;1;2480;3508;75493;1337;1044;70;38;1337;1044;1407;1044;1407;1082;1337;1082;Date;AAAA;undefined;OTHER;OTHER
cdiscount158.tiff;1;1;2480;3508;75494;1417;1044;37;38;1417;1044;1454;1044;1454;1082;1417;1082;de;AA;undefined;OTHER;OTHER
cdiscount158.tiff;1;1;2480;3508;75495;1463;1044;140;38;1463;1044;1603;1044;1603;1082;1463;1082;validation;AAAAAAAAAA;undefined;OTHER;OTHER
cdiscount158.tiff;1;1;2480;3508;75505;1654;1044;37;38;1654;1044;1691;1044;1691;1082;1654;1082;28;NN;undefined;OTHER;OTHER
cdiscount158.tiff;1;1;2480;3508;75506;1700;1044;55;38;1700;1044;1755;1044;1755;1082;1700;1082;ene;AAA;undefined;OTHER;OTHER
cdiscount158.tiff;1;1;2480;3508;75507;1765;1044;74;38;1765;1044;1839;1044;1839;1082;1765;1082;1997;NNNN;undefined;OTHER;OTHER
cdiscount158.tiff;1;1;2480;3508;75480;366;1093;70;38;366;1093;436;1093;436;1131;366;1131;Date;AAAA;undefined;OTHER;OTHER
cdiscount158.tiff;1;1;2480;3508;75481;446;1093;37;38;446;1093;483;1093;483;1131;446;1131;de;AA;undefined;OTHER;OTHER
cdiscount158.tiff;1;1;2480;3508;75482;492;1093;137;38;492;1093;629;1093;629;1131;492;1131;paiement;AAAAAAAA;undefined;OTHER;OTHER
cdiscount158.tiff;1;1;2480;3508;75486;729;1093;37;38;729;1093;766;1093;766;1131;729;1131;28;NN;IDATE;INVOICE_DATE;Invoice Date
cdiscount158.tiff;1;1;2480;3508;75487;775;1093;55;38;775;1093;830;1093;830;1131;775;1131;ene;AAA;IDATE;INVOICE_DATE;Invoice Date
cdiscount158.tiff;1;1;2480;3508;75488;840;1093;74;38;840;1093;914;1093;914;1131;840;1131;1997;NNNN;IDATE;INVOICE_DATE;Invoice Date
cdiscount158.tiff;1;1;2480;3508;75496;1337;1093;70;38;1337;1093;1407;1093;1407;1131;1337;1131;Date;AAAA;undefined;OTHER;OTHER
cdiscount158.tiff;1;1;2480;3508;75497;1417;1093;104;38;1417;1093;1521;1093;1521;1131;1417;1131;d'envoi;ASAAAAA;undefined;OTHER;OTHER
cdiscount158.tiff;1;1;2480;3508;75508;1654;1093;37;38;1654;1093;1691;1093;1691;1131;1654;1131;N°;AS;undefined;OTHER;OTHER
cdiscount158.tiff;1;1;2480;3508;75509;1700;1093;37;38;1700;1093;1737;1093;1737;1131;1700;1131;de;AA;undefined;OTHER;OTHER
cdiscount158.tiff;1;1;2480;3508;75510;1747;1093;66;38;1747;1093;1813;1093;1813;1131;1747;1131;colis;AAAAA;undefined;OTHER;OTHER
cdiscount158.tiff;1;1;2480;3508;75498;1337;1142;18;38;1337;1142;1355;1142;1355;1180;1337;1180;1;N;undefined;OTHER;OTHER
cdiscount158.tiff;1;1;2480;3508;75499;1365;1142;46;38;1365;1142;1411;1142;1411;1180;1365;1180;feb;AAA;undefined;OTHER;OTHER
cdiscount158.tiff;1;1;2480;3508;75500;1420;1142;74;38;1420;1142;1494;1142;1494;1180;1420;1180;1997;NNNN;undefined;OTHER;OTHER
cdiscount158.tiff;1;1;2480;3508;75511;1654;1142;255;38;1654;1142;1909;1142;1909;1180;1654;1180;DT919620198FR;AANNNNNNNNNAA;undefined;OTHER;OTHER
cdiscount158.tiff;1;1;2480;3508;75512;150;1337;95;44;150;1337;245;1337;245;1381;150;1381;Votre;AAAAA;undefined;OTHER;OTHER
cdiscount158.tiff;1;1;2480;3508;75513;256;1337;204;44;256;1337;460;1337;460;1381;256;1381;Commande;AAAAAAAA;undefined;OTHER;OTHER
cdiscount158.tiff;1;1;2480;3508;75514;158;1388;62;39;158;1388;220;1388;220;1427;158;1427;Réf.;AAAS;undefined;OTHER;OTHER
cdiscount158.tiff;1;1;2480;3508;75515;499;1388;105;39;499;1388;604;1388;604;1427;499;1427;Libellé;AAAAAAA;undefined;OTHER;OTHER
cdiscount158.tiff;1;1;2480;3508;75516;1287;1388;55;39;1287;1388;1342;1388;1342;1427;1287;1427;Qté;AAA;undefined;OTHER;OTHER
cdiscount158.tiff;1;1;2480;3508;75517;1404;1388;90;39;1404;1388;1494;1388;1494;1427;1404;1427;PUHT;AAAA;undefined;OTHER;OTHER
cdiscount158.tiff;1;1;2480;3508;75518;1662;1388;111;39;1662;1388;1773;1388;1773;1427;1662;1427;PUTTC;AAAAA;undefined;OTHER;OTHER
cdiscount158.tiff;1;1;2480;3508;75519;1920;1388;109;39;1920;1388;2029;1388;2029;1427;1920;1427;PVTTC;AAAAA;undefined;OTHER;OTHER
cdiscount158.tiff;1;1;2480;3508;75520;2179;1388;66;39;2179;1388;2245;1388;2245;1427;2179;1427;TVA;AAA;undefined;OTHER;OTHER
cdiscount158.tiff;1;1;2480;3508;75521;158;1433;240;38;158;1433;398;1433;398;1471;158;1471;3497674117610;NNNNNNNNNNNNN;SNO;SNO;SNO
cdiscount158.tiff;1;1;2480;3508;75522;499;1433;116;38;499;1433;615;1433;615;1471;499;1471;Protège;AAAAAAA;PD;PRODUCT_DESCRIPTION;Product Description
cdiscount158.tiff;1;1;2480;3508;75523;626;1433;83;38;626;1433;709;1433;709;1471;626;1471;écran;AAAAA;PD;PRODUCT_DESCRIPTION;Product Description
cdiscount158.tiff;1;1;2480;3508;75524;718;1433;153;38;718;1433;871;1433;871;1471;718;1471;Essentielb;AAAAAAAAAA;PD;PRODUCT_DESCRIPTION;Product Description
cdiscount158.tiff;1;1;2480;3508;75525;881;1433;66;38;881;1433;947;1433;947;1471;881;1471;iPad;AAAA;PD;PRODUCT_DESCRIPTION;Product Description
cdiscount158.tiff;1;1;2480;3508;75526;957;1433;61;38;957;1433;1018;1433;1018;1471;957;1471;Mini;AAAA;PD;PRODUCT_DESCRIPTION;Product Description
cdiscount158.tiff;1;1;2480;3508;75527;1028;1433;18;38;1028;1433;1046;1433;1046;1471;1028;1471;4;N;PD;PRODUCT_DESCRIPTION;Product Description
cdiscount158.tiff;1;1;2480;3508;75528;1287;1433;46;38;1287;1433;1333;1433;1333;1471;1287;1471;3.0;NSN;QTY;QUANTITY;Quantity
cdiscount158.tiff;1;1;2480;3508;75529;1404;1433;64;38;1404;1433;1468;1433;1468;1471;1404;1471;8,32;NSNN;UP;UNIT_PRICE;Unit Price Without Tax
cdiscount158.tiff;1;1;2480;3508;75530;1478;1433;70;38;1478;1433;1548;1433;1548;1471;1478;1471;EUR;AAA;UP;UNIT_PRICE;Unit Price Without Tax
cdiscount158.tiff;1;1;2480;3508;75531;1662;1433;64;38;1662;1433;1726;1433;1726;1471;1662;1471;9.99;NSNN;undefined;OTHER;OTHER
cdiscount158.tiff;1;1;2480;3508;75532;1920;1433;83;38;1920;1433;2003;1433;2003;1471;1920;1471;29,97;NNSNN;undefined;OTHER;OTHER
cdiscount158.tiff;1;1;2480;3508;75533;2013;1433;70;38;2013;1433;2083;1433;2083;1471;2013;1471;EUR;AAA;undefined;OTHER;OTHER
cdiscount158.tiff;1;1;2480;3508;75534;2179;1433;94;38;2179;1433;2273;1433;2273;1471;2179;1471;20.0%;NNSNS;TXR;TAX_RATE;Tax Rate
cdiscount158.tiff;1;1;2480;3508;75535;158;1473;240;38;158;1473;398;1473;398;1511;158;1511;0619659125974;NNNNNNNNNNNNN;SNO;SNO;SNO
cdiscount158.tiff;1;1;2480;3508;75536;499;1473;50;38;499;1473;549;1473;549;1511;499;1511;Clé;AAA;PD;PRODUCT_DESCRIPTION;Product Description
cdiscount158.tiff;1;1;2480;3508;75537;559;1473;68;38;559;1473;627;1473;627;1511;559;1511;USB;AAA;PD;PRODUCT_DESCRIPTION;Product Description
cdiscount158.tiff;1;1;2480;3508;75538;637;1473;118;38;637;1473;755;1473;755;1511;637;1511;Sandisk;AAAAAAA;PD;PRODUCT_DESCRIPTION;Product Description
cdiscount158.tiff;1;1;2480;3508;75539;764;1473;70;38;764;1473;834;1473;834;1511;764;1511;Ultra;AAAAA;PD;PRODUCT_DESCRIPTION;Product Description
cdiscount158.tiff;1;1;2480;3508;75540;844;1473;103;38;844;1473;947;1473;947;1511;844;1511;256GB;NNNAA;PD;PRODUCT_DESCRIPTION;Product Description
cdiscount158.tiff;1;1;2480;3508;75541;957;1473;46;38;957;1473;1003;1473;1003;1511;957;1511;3.0;NSN;PD;PRODUCT_DESCRIPTION;Product Description
cdiscount158.tiff;1;1;2480;3508;75542;1287;1473;46;38;1287;1473;1333;1473;1333;1511;1287;1511;2.0;NSN;QTY;QUANTITY;Quantity
cdiscount158.tiff;1;1;2480;3508;75543;1404;1473;101;38;1404;1473;1505;1473;1505;1511;1404;1511;124,83;NNNSNN;UP;UNIT_PRICE;Unit Price Without Tax
cdiscount158.tiff;1;1;2480;3508;75544;1515;1473;70;38;1515;1473;1585;1473;1585;1511;1515;1511;EUR;AAA;UP;UNIT_PRICE;Unit Price Without Tax
cdiscount158.tiff;1;1;2480;3508;75545;1662;1473;101;38;1662;1473;1763;1473;1763;1511;1662;1511;149.79;NNNSNN;undefined;OTHER;OTHER
cdiscount158.tiff;1;1;2480;3508;75546;1920;1473;101;38;1920;1473;2021;1473;2021;1511;1920;1511;299,60;NNNSNN;undefined;OTHER;OTHER
cdiscount158.tiff;1;1;2480;3508;75547;2032;1473;70;38;2032;1473;2102;1473;2102;1511;2032;1511;EUR;AAA;undefined;OTHER;OTHER
cdiscount158.tiff;1;1;2480;3508;75548;2179;1473;94;38;2179;1473;2273;1473;2273;1511;2179;1511;20.0%;NNSNS;TXR;TAX_RATE;Tax Rate
cdiscount158.tiff;1;1;2480;3508;75549;1583;1546;107;38;1583;1546;1690;1546;1690;1584;1583;1584;TOTAL;AAAAA;undefined;OTHER;OTHER
cdiscount158.tiff;1;1;2480;3508;75550;1700;1546;64;38;1700;1546;1764;1546;1764;1584;1700;1584;TTC;AAA;undefined;OTHER;OTHER
cdiscount158.tiff;1;1;2480;3508;75562;1999;1546;101;38;1999;1546;2100;1546;2100;1584;1999;1584;329,57;NNNSNN;TA;TOTAL_AMOUNT;Total with TAX
cdiscount158.tiff;1;1;2480;3508;75563;2111;1546;70;38;2111;1546;2181;1546;2181;1584;2111;1584;EUR;AAA;TA;TOTAL_AMOUNT;Total with TAX
cdiscount158.tiff;1;1;2480;3508;75551;1583;1601;225;38;1583;1601;1808;1601;1808;1639;1583;1639;AVOIR/CARTE;AAAAASAAAAA;undefined;OTHER;OTHER
cdiscount158.tiff;1;1;2480;3508;75552;1818;1601;138;38;1818;1601;1956;1601;1956;1639;1818;1639;CADEAU;AAAAAA;undefined;OTHER;OTHER
cdiscount158.tiff;1;1;2480;3508;75564;1999;1601;64;38;1999;1601;2063;1601;2063;1639;1999;1639;0,00;NSNN;undefined;OTHER;OTHER
cdiscount158.tiff;1;1;2480;3508;75553;1583;1656;127;38;1583;1656;1710;1656;1710;1694;1583;1694;REMISE;AAAAAA;undefined;OTHER;OTHER
cdiscount158.tiff;1;1;2480;3508;75554;1583;1712;98;38;1583;1712;1681;1712;1681;1750;1583;1750;FRAIS;AAAAA;undefined;OTHER;OTHER
cdiscount158.tiff;1;1;2480;3508;75555;1690;1712;125;38;1690;1712;1815;1712;1815;1750;1690;1750;PREPA*;AAAAAS;undefined;OTHER;OTHER
cdiscount158.tiff;1;1;2480;3508;75565;1999;1712;64;38;1999;1712;2063;1712;2063;1750;1999;1750;0,00;NSNN;undefined;OTHER;OTHER
cdiscount158.tiff;1;1;2480;3508;75556;1583;1767;107;38;1583;1767;1690;1767;1690;1805;1583;1805;TOTAL;AAAAA;undefined;OTHER;OTHER
cdiscount158.tiff;1;1;2480;3508;75557;1700;1767;66;38;1700;1767;1766;1767;1766;1805;1700;1805;NET;AAA;undefined;OTHER;OTHER
cdiscount158.tiff;1;1;2480;3508;75558;1775;1767;64;38;1775;1767;1839;1767;1839;1805;1775;1805;TTC;AAA;undefined;OTHER;OTHER
cdiscount158.tiff;1;1;2480;3508;75566;1999;1767;101;38;1999;1767;2100;1767;2100;1805;1999;1805;329,57;NNNSNN;TA;TOTAL_AMOUNT;Total with TAX
cdiscount158.tiff;1;1;2480;3508;75567;2111;1767;70;38;2111;1767;2181;1767;2181;1805;2111;1805;EUR;AAA;TA;TOTAL_AMOUNT;Total with TAX
cdiscount158.tiff;1;1;2480;3508;75559;1583;1822;64;38;1583;1822;1647;1822;1647;1860;1583;1860;TVA;AAA;undefined;OTHER;OTHER
cdiscount158.tiff;1;1;2480;3508;75568;1999;1822;83;38;1999;1822;2082;1822;2082;1860;1999;1860;54,93;NNSNN;TTX;TOTAL_TAX;Total Tax
cdiscount158.tiff;1;1;2480;3508;75569;2092;1822;70;38;2092;1822;2162;1822;2162;1860;2092;1860;EUR;AAA;TTX;TOTAL_TAX;Total Tax
cdiscount158.tiff;1;1;2480;3508;75560;1583;1877;164;38;1583;1877;1747;1877;1747;1915;1583;1915;MONTANT;AAAAAAA;undefined;OTHER;OTHER
cdiscount158.tiff;1;1;2480;3508;75561;1757;1877;44;38;1757;1877;1801;1877;1801;1915;1757;1915;HT;AA;undefined;OTHER;OTHER
cdiscount158.tiff;1;1;2480;3508;75570;1999;1877;101;38;1999;1877;2100;1877;2100;1915;1999;1915;274,64;NNNSNN;TWTX;TOTAL_WITHOUT_TAX;TWTXS
cdiscount158.tiff;1;1;2480;3508;75571;2111;1877;70;38;2111;1877;2181;1877;2181;1915;2111;1915;EUR;AAA;TWTX;TOTAL_WITHOUT_TAX;TWTXS
cdiscount158.tiff;1;1;2480;3508;75572;708;2025;106;43;708;2025;814;2025;814;2068;708;2068;Aucun;AAAAA;undefined;OTHER;OTHER
cdiscount158.tiff;1;1;2480;3508;75573;825;2025;162;43;825;2025;987;2025;987;2068;825;2068;escompte;AAAAAAAA;undefined;OTHER;OTHER
cdiscount158.tiff;1;1;2480;3508;75574;998;2025;41;43;998;2025;1039;2025;1039;2068;998;2068;ne;AA;undefined;OTHER;OTHER
cdiscount158.tiff;1;1;2480;3508;75575;1050;2025;72;43;1050;2025;1122;2025;1122;2068;1050;2068;sera;AAAA;undefined;OTHER;OTHER
cdiscount158.tiff;1;1;2480;3508;75576;1133;2025;141;43;1133;2025;1274;2025;1274;2068;1133;2068;appliqué;AAAAAAAA;undefined;OTHER;OTHER
cdiscount158.tiff;1;1;2480;3508;75577;1285;2025;41;43;1285;2025;1326;2025;1326;2068;1285;2068;en;AA;undefined;OTHER;OTHER
cdiscount158.tiff;1;1;2480;3508;75578;1337;2025;79;43;1337;2025;1416;2025;1416;2068;1337;2068;case;AAAA;undefined;OTHER;OTHER
cdiscount158.tiff;1;1;2480;3508;75579;1427;2025;41;43;1427;2025;1468;2025;1468;2068;1427;2068;de;AA;undefined;OTHER;OTHER
cdiscount158.tiff;1;1;2480;3508;75580;1479;2025;154;43;1479;2025;1633;2025;1633;2068;1479;2068;paiement;AAAAAAAA;undefined;OTHER;OTHER
cdiscount158.tiff;1;1;2480;3508;75581;1644;2025;129;43;1644;2025;1773;2025;1773;2068;1644;2068;anticipé;AAAAAAAA;undefined;OTHER;OTHER
cdiscount158.tiff;1;1;2480;3508;75582;787;2113;101;38;787;2113;888;2113;888;2151;787;2151;Détails;AAAAAAA;undefined;OTHER;OTHER
cdiscount158.tiff;1;1;2480;3508;75583;898;2113;53;38;898;2113;951;2113;951;2151;898;2151;des;AAA;undefined;OTHER;OTHER
cdiscount158.tiff;1;1;2480;3508;75584;961;2113;248;38;961;2113;1209;2113;1209;2151;961;2151;éco-Participation;AAASAAAAAAAAAAAAA;undefined;OTHER;OTHER
cdiscount158.tiff;1;1;2480;3508;75585;1219;2113;27;38;1219;2113;1246;2113;1246;2151;1219;2151;et;AA;undefined;OTHER;OTHER
cdiscount158.tiff;1;1;2480;3508;75586;1256;2113;196;38;1256;2113;1452;2113;1452;2151;1256;2151;rémuneration;AAAAAAAAAAAA;undefined;OTHER;OTHER
cdiscount158.tiff;1;1;2480;3508;75587;1461;2113;79;38;1461;2113;1540;2113;1540;2151;1461;2151;copie;AAAAA;undefined;OTHER;OTHER
cdiscount158.tiff;1;1;2480;3508;75588;1550;2113;90;38;1550;2113;1640;2113;1640;2151;1550;2151;privée;AAAAAA;undefined;OTHER;OTHER
cdiscount158.tiff;1;1;2480;3508;75589;708;2171;96;38;708;2171;804;2171;804;2209;708;2209;Libellé;AAAAAAA;undefined;OTHER;OTHER
cdiscount158.tiff;1;1;2480;3508;75590;1041;2171;338;38;1041;2171;1379;2171;1379;2209;1041;2209;ECO-PARTICIPATION;AAASAAAAAAAAAAAAA;undefined;OTHER;OTHER
cdiscount158.tiff;1;1;2480;3508;75591;1389;2171;64;38;1389;2171;1453;2171;1453;2209;1389;2209;TTC;AAA;undefined;OTHER;OTHER
cdiscount158.tiff;1;1;2480;3508;75592;1583;2171;103;38;1583;2171;1686;2171;1686;2209;1583;2209;COPIE;AAAAA;undefined;OTHER;OTHER
cdiscount158.tiff;1;1;2480;3508;75593;1696;2171;122;38;1696;2171;1818;2171;1818;2209;1696;2209;PRIVEE;AAAAAA;undefined;OTHER;OTHER
cdiscount158.tiff;1;1;2480;3508;75594;1827;2171;64;38;1827;2171;1891;2171;1891;2209;1827;2209;TTC;AAA;undefined;OTHER;OTHER
cdiscount158.tiff;1;1;2480;3508;75603;645;2221;240;38;645;2221;885;2221;885;2259;645;2259;3497674117610;NNNNNNNNNNNNN;SNO;SNO;SNO
cdiscount158.tiff;1;1;2480;3508;75604;1179;2221;46;38;1179;2221;1225;2221;1225;2259;1179;2259;0.0;NSN;undefined;OTHER;OTHER
cdiscount158.tiff;1;1;2480;3508;75605;645;2275;240;38;645;2275;885;2275;885;2313;645;2313;0619659125974;NNNNNNNNNNNNN;SNO;SNO;SNO
cdiscount158.tiff;1;1;2480;3508;75606;1179;2275;46;38;1179;2275;1225;2275;1225;2313;1179;2313;0.0;NSN;undefined;OTHER;OTHER
cdiscount158.tiff;1;1;2480;3508;75595;1037;3416;107;38;1037;3416;1144;3416;1144;3454;1037;3454;N°RCS;ASAAA;undefined;OTHER;OTHER
cdiscount158.tiff;1;1;2480;3508;75596;1154;3416;9;38;1154;3416;1163;3416;1163;3454;1154;3454;:;S;undefined;OTHER;OTHER
cdiscount158.tiff;1;1;2480;3508;75597;1173;3416;55;38;1173;3416;1228;3416;1228;3454;1173;3454;776;NNN;SCID;SUPPLIER_ID;Seller Identifier Number (Siren)
cdiscount158.tiff;1;1;2480;3508;75598;1237;3416;55;38;1237;3416;1292;3416;1292;3454;1237;3454;524;NNN;SCID;SUPPLIER_ID;Seller Identifier Number (Siren)
cdiscount158.tiff;1;1;2480;3508;75599;1302;3416;55;38;1302;3416;1357;3416;1357;3454;1302;3454;237;NNN;SCID;SUPPLIER_ID;Seller Identifier Number (Siren)
cdiscount158.tiff;1;1;2480;3508;75600;1358;3416;0;38;1358;3416;1358;3416;1358;3454;1358;3454;;;undefined;OTHER;OTHER
cdiscount158.tiff;1;1;2480;3508;75601;1367;3416;40;38;1367;3416;1407;3416;1407;3454;1367;3454;LE;AA;undefined;OTHER;OTHER
cdiscount158.tiff;1;1;2480;3508;75602;1417;3416;164;38;1417;3416;1581;3416;1581;3454;1417;3454;BARROUX;AAAAAAA;undefined;OTHER;OTHER
