src;num_pages;page_id;page_width;page_height;id;col;row;width;height;x1;y1;x2;y2;x3;y3;x4;y4;contents;contents_masked;correctclass;tag;description
darty122.tiff;1;1;2480;3508;72505;445;162;181;43;445;162;626;162;626;205;445;205;CENTURY;AAAAAAA;SN;SUPPLIER_NAME;Seller/Company) name
darty122.tiff;1;1;2480;3508;72506;637;162;41;43;637;162;678;162;678;205;637;205;21;NN;SN;SUPPLIER_NAME;Seller/Company) name
darty122.tiff;1;1;2480;3508;72507;689;162;12;43;689;162;701;162;701;205;689;205;-;S;SN;SUPPLIER_NAME;Seller/Company) name
darty122.tiff;1;1;2480;3508;72508;712;162;214;43;712;162;926;162;926;205;712;205;LAURAINNE;AAAAAAAAA;SN;SUPPLIER_NAME;Seller/Company) name
darty122.tiff;1;1;2480;3508;72509;937;162;220;43;937;162;1157;162;1157;205;937;205;IMMOBILIER;AAAAAAAAAA;SN;SUPPLIER_NAME;Seller/Company) name
darty122.tiff;1;1;2480;3508;72538;1375;208;41;43;1375;208;1416;208;1416;251;1375;251;M.;AS;SHN;SHIPPING_NAME;Shipping Name
darty122.tiff;1;1;2480;3508;72539;1427;208;156;43;1427;208;1583;208;1583;251;1427;251;JUSTINE;AAAAAAA;SHN;SHIPPING_NAME;Shipping Name
darty122.tiff;1;1;2480;3508;72540;1593;208;52;43;1593;208;1645;208;1645;251;1593;251;DA;AA;SHN;SHIPPING_NAME;Shipping Name
darty122.tiff;1;1;2480;3508;72541;1656;208;106;43;1656;208;1762;208;1762;251;1656;251;SILVA;AAAAA;SHN;SHIPPING_NAME;Shipping Name
darty122.tiff;1;1;2480;3508;72510;445;239;143;43;445;239;588;239;588;282;445;282;Services;AAAAAAAA;undefined;OTHER;OTHER
darty122.tiff;1;1;2480;3508;72511;600;239;208;43;600;239;808;239;808;282;600;282;Comptabilité;AAAAAAAAAAAA;undefined;OTHER;OTHER
darty122.tiff;1;1;2480;3508;72542;1375;252;93;43;1375;252;1468;252;1468;295;1375;295;9015,;NNNNS;SHA;SHIPPING_ADDRESS;Shipping Address
darty122.tiff;1;1;2480;3508;72543;1479;252;79;43;1479;252;1558;252;1558;295;1479;295;RUE;AAA;SHA;SHIPPING_ADDRESS;Shipping Address
darty122.tiff;1;1;2480;3508;72544;1568;252;179;43;1568;252;1747;252;1747;295;1568;295;ADOLPHE;AAAAAAA;SHA;SHIPPING_ADDRESS;Shipping Address
darty122.tiff;1;1;2480;3508;72545;1758;252;189;43;1758;252;1947;252;1947;295;1758;295;BOISSAYE;AAAAAAAA;SHA;SHIPPING_ADDRESS;Shipping Address
darty122.tiff;1;1;2480;3508;72546;1375;295;104;43;1375;295;1479;295;1479;338;1375;338;76790;NNNNN;SHA;SHIPPING_ADDRESS;Shipping Address
darty122.tiff;1;1;2480;3508;72547;1489;295;170;43;1489;295;1659;295;1659;338;1489;338;ÉTRETAT;AAAAAAA;SHA;SHIPPING_ADDRESS;Shipping Address
darty122.tiff;1;1;2480;3508;72512;445;316;72;43;445;316;517;316;517;359;445;359;TSA;AAA;undefined;OTHER;OTHER
darty122.tiff;1;1;2480;3508;72513;529;316;77;43;529;316;606;316;606;359;529;359;n°80;ASNN;undefined;OTHER;OTHER
darty122.tiff;1;1;2480;3508;72514;617;316;62;43;617;316;679;316;679;359;617;359;004;NNN;undefined;OTHER;OTHER
darty122.tiff;1;1;2480;3508;72548;1375;338;154;43;1375;338;1529;338;1529;381;1375;381;FRANCE;AAAAAA;SHA;SHIPPING_ADDRESS;Shipping Address
darty122.tiff;1;1;2480;3508;72515;445;393;104;43;445;393;549;393;549;436;445;436;74340;NNNNN;SA;SUPPLIER_ADDRESS;Seller Address
darty122.tiff;1;1;2480;3508;72516;560;393;12;43;560;393;572;393;572;436;560;436;-;S;SA;SUPPLIER_ADDRESS;Seller Address
darty122.tiff;1;1;2480;3508;72517;583;393;187;43;583;393;770;393;770;436;583;436;SAMOENS;AAAAAAA;SA;SUPPLIER_ADDRESS;Seller Address
darty122.tiff;1;1;2480;3508;72518;445;469;177;43;445;469;622;469;622;512;445;512;Téléphone;AAAAAAAAA;SCN;SUPPLIER_CONTACT_NUMBER;Seller Contact Number
darty122.tiff;1;1;2480;3508;72519;633;469;10;43;633;469;643;469;643;512;633;512;:;S;SCN;SUPPLIER_CONTACT_NUMBER;Seller Contact Number
darty122.tiff;1;1;2480;3508;72520;654;469;0;43;654;469;654;469;654;512;654;512;;;SCN;SUPPLIER_CONTACT_NUMBER;Seller Contact Number
darty122.tiff;1;1;2480;3508;72521;664;469;63;43;664;469;727;469;727;512;664;512;+33;SNN;SCN;SUPPLIER_CONTACT_NUMBER;Seller Contact Number
darty122.tiff;1;1;2480;3508;72522;738;469;45;43;738;469;783;469;783;512;738;512;(0);SNS;SCN;SUPPLIER_CONTACT_NUMBER;Seller Contact Number
darty122.tiff;1;1;2480;3508;72523;794;469;20;43;794;469;814;469;814;512;794;512;7;N;SCN;SUPPLIER_CONTACT_NUMBER;Seller Contact Number
darty122.tiff;1;1;2480;3508;72524;826;469;41;43;826;469;867;469;867;512;826;512;40;NN;SCN;SUPPLIER_CONTACT_NUMBER;Seller Contact Number
darty122.tiff;1;1;2480;3508;72525;878;469;41;43;878;469;919;469;919;512;878;512;99;NN;SCN;SUPPLIER_CONTACT_NUMBER;Seller Contact Number
darty122.tiff;1;1;2480;3508;72526;930;469;41;43;930;469;971;469;971;512;930;512;86;NN;SCN;SUPPLIER_CONTACT_NUMBER;Seller Contact Number
darty122.tiff;1;1;2480;3508;72527;982;469;41;43;982;469;1023;469;1023;512;982;512;71;NN;SCN;SUPPLIER_CONTACT_NUMBER;Seller Contact Number
darty122.tiff;1;1;2480;3508;72549;1375;498;41;43;1375;498;1416;498;1416;541;1375;541;M.;AS;BN;BILLING_NAME;Billing Name
darty122.tiff;1;1;2480;3508;72550;1427;498;156;43;1427;498;1583;498;1583;541;1427;541;JUSTINE;AAAAAAA;BN;BILLING_NAME;Billing Name
darty122.tiff;1;1;2480;3508;72551;1593;498;52;43;1593;498;1645;498;1645;541;1593;541;DA;AA;BN;BILLING_NAME;Billing Name
darty122.tiff;1;1;2480;3508;72552;1656;498;106;43;1656;498;1762;498;1762;541;1656;541;SILVA;AAAAA;BN;BILLING_NAME;Billing Name
darty122.tiff;1;1;2480;3508;72553;1375;542;93;43;1375;542;1468;542;1468;585;1375;585;9015,;NNNNS;BA;BILLING_ADDRESS;Billing Address
darty122.tiff;1;1;2480;3508;72554;1479;542;79;43;1479;542;1558;542;1558;585;1479;585;RUE;AAA;BA;BILLING_ADDRESS;Billing Address
darty122.tiff;1;1;2480;3508;72555;1568;542;179;43;1568;542;1747;542;1747;585;1568;585;ADOLPHE;AAAAAAA;BA;BILLING_ADDRESS;Billing Address
darty122.tiff;1;1;2480;3508;72556;1758;542;189;43;1758;542;1947;542;1947;585;1758;585;BOISSAYE;AAAAAAAA;BA;BILLING_ADDRESS;Billing Address
darty122.tiff;1;1;2480;3508;72528;445;546;162;43;445;546;607;546;607;589;445;589;Télécopie;AAAAAAAAA;SFAX;SUPPLIER_FAX_NUMBER;Seller Fax Number
darty122.tiff;1;1;2480;3508;72529;618;546;10;43;618;546;628;546;628;589;618;589;:;S;SFAX;SUPPLIER_FAX_NUMBER;Seller Fax Number
darty122.tiff;1;1;2480;3508;72530;639;546;0;43;639;546;639;546;639;589;639;589;;;SFAX;SUPPLIER_FAX_NUMBER;Seller Fax Number
darty122.tiff;1;1;2480;3508;72531;650;546;63;43;650;546;713;546;713;589;650;589;+33;SNN;SFAX;SUPPLIER_FAX_NUMBER;Seller Fax Number
darty122.tiff;1;1;2480;3508;72532;724;546;45;43;724;546;769;546;769;589;724;589;(0);SNS;SFAX;SUPPLIER_FAX_NUMBER;Seller Fax Number
darty122.tiff;1;1;2480;3508;72533;780;546;20;43;780;546;800;546;800;589;780;589;7;N;SFAX;SUPPLIER_FAX_NUMBER;Seller Fax Number
darty122.tiff;1;1;2480;3508;72534;811;546;41;43;811;546;852;546;852;589;811;589;40;NN;SFAX;SUPPLIER_FAX_NUMBER;Seller Fax Number
darty122.tiff;1;1;2480;3508;72535;863;546;41;43;863;546;904;546;904;589;863;589;99;NN;SFAX;SUPPLIER_FAX_NUMBER;Seller Fax Number
darty122.tiff;1;1;2480;3508;72536;915;546;41;43;915;546;956;546;956;589;915;589;69;NN;SFAX;SUPPLIER_FAX_NUMBER;Seller Fax Number
darty122.tiff;1;1;2480;3508;72537;968;546;41;43;968;546;1009;546;1009;589;968;589;46;NN;SFAX;SUPPLIER_FAX_NUMBER;Seller Fax Number
darty122.tiff;1;1;2480;3508;72557;1375;585;104;43;1375;585;1479;585;1479;628;1375;628;76790;NNNNN;BA;BILLING_ADDRESS;Billing Address
darty122.tiff;1;1;2480;3508;72558;1489;585;170;43;1489;585;1659;585;1659;628;1489;628;ÉTRETAT;AAAAAAA;BA;BILLING_ADDRESS;Billing Address
darty122.tiff;1;1;2480;3508;72559;1375;628;154;43;1375;628;1529;628;1529;671;1375;671;FRANCE;AAAAAA;BA;BILLING_ADDRESS;Billing Address
darty122.tiff;1;1;2480;3508;72560;566;742;179;44;566;742;745;742;745;786;566;786;FACTURE;AAAAAAA;undefined;OTHER;OTHER
darty122.tiff;1;1;2480;3508;72561;424;833;42;44;424;833;466;833;466;877;424;877;N°;AS;undefined;OTHER;OTHER
darty122.tiff;1;1;2480;3508;72562;467;833;158;44;467;833;625;833;625;877;467;877;INV-5343;AAASNNNN;IN;INVOICE_NUMBER;Invoice Number
darty122.tiff;1;1;2480;3508;72563;625;833;0;44;625;833;625;833;625;877;625;877;;;undefined;OTHER;OTHER
darty122.tiff;1;1;2480;3508;72564;635;833;45;44;635;833;680;833;680;877;635;877;du;AA;undefined;OTHER;OTHER
darty122.tiff;1;1;2480;3508;72565;692;833;145;44;692;833;837;833;837;877;692;877;22/11/89;NNSNNSNN;IDATE;INVOICE_DATE;Invoice Date
darty122.tiff;1;1;2480;3508;72566;175;1029;42;44;175;1029;217;1029;217;1073;175;1073;N°;AS;undefined;OTHER;OTHER
darty122.tiff;1;1;2480;3508;72567;227;1029;43;44;227;1029;270;1029;270;1073;227;1073;de;AA;undefined;OTHER;OTHER
darty122.tiff;1;1;2480;3508;72568;281;1029;197;44;281;1029;478;1029;478;1073;281;1073;commande;AAAAAAAA;undefined;OTHER;OTHER
darty122.tiff;1;1;2480;3508;72569;490;1029;162;44;490;1029;652;1029;652;1073;490;1073;COM-090;AAASNNN;ONUM;ORDER_NUMBER;Order Number
darty122.tiff;1;1;2480;3508;72570;652;1029;0;44;652;1029;652;1029;652;1073;652;1073;;;undefined;OTHER;OTHER
darty122.tiff;1;1;2480;3508;72571;663;1029;45;44;663;1029;708;1029;708;1073;663;1073;du;AA;undefined;OTHER;OTHER
darty122.tiff;1;1;2480;3508;72572;719;1029;145;44;719;1029;864;1029;864;1073;719;1073;22/11/89;NNSNNSNN;IDATE;INVOICE_DATE;Invoice Date
darty122.tiff;1;1;2480;3508;72573;183;1170;161;39;183;1170;344;1170;344;1209;183;1209;Référence;AAAAAAAAA;undefined;OTHER;OTHER
darty122.tiff;1;1;2480;3508;72574;447;1170;55;39;447;1170;502;1170;502;1209;447;1209;Qté;AAA;undefined;OTHER;OTHER
darty122.tiff;1;1;2480;3508;72575;508;1170;105;39;508;1170;613;1170;613;1209;508;1209;Libellé;AAAAAAA;undefined;OTHER;OTHER
darty122.tiff;1;1;2480;3508;72576;1206;1170;135;39;1206;1170;1341;1170;1341;1209;1206;1209;Garantie;AAAAAAAA;undefined;OTHER;OTHER
darty122.tiff;1;1;2480;3508;72577;1515;1170;79;39;1515;1170;1594;1170;1594;1209;1515;1209;Total;AAAAA;undefined;OTHER;OTHER
darty122.tiff;1;1;2480;3508;72578;1604;1170;44;39;1604;1170;1648;1170;1648;1209;1604;1209;HT;AA;undefined;OTHER;OTHER
darty122.tiff;1;1;2480;3508;72579;1812;1170;166;39;1812;1170;1978;1170;1978;1209;1812;1209;Base/Taux;AAAASAAAA;undefined;OTHER;OTHER
darty122.tiff;1;1;2480;3508;72580;2133;1170;79;39;2133;1170;2212;1170;2212;1209;2133;1209;Total;AAAAA;undefined;OTHER;OTHER
darty122.tiff;1;1;2480;3508;72581;2222;1170;64;39;2222;1170;2286;1170;2286;1209;2222;1209;TTC;AAA;undefined;OTHER;OTHER
darty122.tiff;1;1;2480;3508;72582;1206;1210;85;39;1206;1210;1291;1210;1291;1249;1206;1249;Darty;AAAAA;undefined;OTHER;OTHER
darty122.tiff;1;1;2480;3508;72583;1812;1210;66;39;1812;1210;1878;1210;1878;1249;1812;1249;TVA;AAA;undefined;OTHER;OTHER
darty122.tiff;1;1;2480;3508;72584;1888;1210;40;39;1888;1210;1928;1210;1928;1249;1888;1249;ou;AA;undefined;OTHER;OTHER
darty122.tiff;1;1;2480;3508;72585;1938;1210;68;39;1938;1210;2006;1210;2006;1249;1938;1249;TCA;AAA;undefined;OTHER;OTHER
darty122.tiff;1;1;2480;3508;72586;1206;1250;135;39;1206;1250;1341;1250;1341;1289;1206;1289;jusqu'au;AAAAASAA;undefined;OTHER;OTHER
darty122.tiff;1;1;2480;3508;72601;183;1331;240;38;183;1331;423;1331;423;1369;183;1369;8806088239811;NNNNNNNNNNNNN;SNO;SNO;SNO
darty122.tiff;1;1;2480;3508;72602;447;1331;46;38;447;1331;493;1331;493;1369;447;1369;2.0;NSN;QTY;QUANTITY;Quantity
darty122.tiff;1;1;2480;3508;72603;508;1331;57;38;508;1331;565;1331;565;1369;508;1369;Etui;AAAA;PD;PRODUCT_DESCRIPTION;Product Description
darty122.tiff;1;1;2480;3508;72604;575;1331;140;38;575;1331;715;1331;715;1369;575;1369;Samsung;AAAAAAA;PD;PRODUCT_DESCRIPTION;Product Description
darty122.tiff;1;1;2480;3508;72605;725;1331;53;38;725;1331;778;1331;778;1369;725;1369;Flip;AAAA;PD;PRODUCT_DESCRIPTION;Product Description
darty122.tiff;1;1;2480;3508;72606;788;1331;85;38;788;1331;873;1331;873;1369;788;1369;wallet;AAAAAA;PD;PRODUCT_DESCRIPTION;Product Description
darty122.tiff;1;1;2480;3508;72607;882;1331;103;38;882;1331;985;1331;985;1369;882;1369;Galaxy;AAAAAA;PD;PRODUCT_DESCRIPTION;Product Description
darty122.tiff;1;1;2480;3508;72608;995;1331;40;38;995;1331;1035;1331;1035;1369;995;1369;S7;AN;PD;PRODUCT_DESCRIPTION;Product Description
darty122.tiff;1;1;2480;3508;72611;1206;1331;129;38;1206;1331;1335;1331;1335;1369;1206;1369;22/11/91;NNSNNSNN;undefined;OTHER;OTHER
darty122.tiff;1;1;2480;3508;72612;1515;1331;83;38;1515;1331;1598;1331;1598;1369;1515;1369;66,65;NNSNN;PTWTX;PRODUCT_TOTAL_PRICE_WITHOUT_TAX;Product Total Price without TAX
darty122.tiff;1;1;2480;3508;72613;1607;1331;18;38;1607;1331;1625;1331;1625;1369;1607;1369;$;S;PTWTX;PRODUCT_TOTAL_PRICE_WITHOUT_TAX;Product Total Price without TAX
darty122.tiff;1;1;2480;3508;72614;1812;1331;83;38;1812;1331;1895;1331;1895;1369;1812;1369;13,33;NNSNN;TXR;TAX_RATE;Tax Rate
darty122.tiff;1;1;2480;3508;72615;1905;1331;18;38;1905;1331;1923;1331;1923;1369;1905;1369;$;S;TXR;TAX_RATE;Tax Rate
darty122.tiff;1;1;2480;3508;72616;2133;1331;83;38;2133;1331;2216;1331;2216;1369;2133;1369;79,98;NNSNN;undefined;OTHER;OTHER
darty122.tiff;1;1;2480;3508;72617;2225;1331;18;38;2225;1331;2243;1331;2243;1369;2225;1369;$;S;undefined;OTHER;OTHER
darty122.tiff;1;1;2480;3508;72609;508;1370;77;38;508;1370;585;1370;585;1408;508;1408;Edge;AAAA;PD;PRODUCT_DESCRIPTION;Product Description
darty122.tiff;1;1;2480;3508;72610;595;1370;62;38;595;1370;657;1370;657;1408;595;1408;gold;AAAA;PD;PRODUCT_DESCRIPTION;Product Description
darty122.tiff;1;1;2480;3508;72618;1812;1408;64;38;1812;1408;1876;1408;1876;1446;1812;1446;20.0;NNSN;undefined;OTHER;OTHER
darty122.tiff;1;1;2480;3508;72619;183;1488;240;38;183;1488;423;1488;423;1526;183;1526;0858510003611;NNNNNNNNNNNNN;SNO;SNO;SNO
darty122.tiff;1;1;2480;3508;72620;447;1488;46;38;447;1488;493;1488;493;1526;447;1526;1.0;NSN;QTY;QUANTITY;Quantity
darty122.tiff;1;1;2480;3508;72621;508;1488;114;38;508;1488;622;1488;622;1526;508;1526;Casque;AAAAAA;PD;PRODUCT_DESCRIPTION;Product Description
darty122.tiff;1;1;2480;3508;72622;632;1488;79;38;632;1488;711;1488;711;1526;632;1526;Sport;AAAAA;PD;PRODUCT_DESCRIPTION;Product Description
darty122.tiff;1;1;2480;3508;72623;721;1488;157;38;721;1488;878;1488;878;1526;721;1526;Aftershokz;AAAAAAAAAA;PD;PRODUCT_DESCRIPTION;Product Description
darty122.tiff;1;1;2480;3508;72624;888;1488;109;38;888;1488;997;1488;997;1526;888;1526;TREKZ;AAAAA;PD;PRODUCT_DESCRIPTION;Product Description
darty122.tiff;1;1;2480;3508;72627;1206;1488;129;38;1206;1488;1335;1488;1335;1526;1206;1526;22/11/91;NNSNNSNN;undefined;OTHER;OTHER
darty122.tiff;1;1;2480;3508;72628;1515;1488;83;38;1515;1488;1598;1488;1598;1526;1515;1526;91,66;NNSNN;PTWTX;PRODUCT_TOTAL_PRICE_WITHOUT_TAX;Product Total Price without TAX
darty122.tiff;1;1;2480;3508;72629;1607;1488;18;38;1607;1488;1625;1488;1625;1526;1607;1526;$;S;PTWTX;PRODUCT_TOTAL_PRICE_WITHOUT_TAX;Product Total Price without TAX
darty122.tiff;1;1;2480;3508;72630;1812;1488;83;38;1812;1488;1895;1488;1895;1526;1812;1526;18,33;NNSNN;TXR;TAX_RATE;Tax Rate
darty122.tiff;1;1;2480;3508;72631;1905;1488;18;38;1905;1488;1923;1488;1923;1526;1905;1526;$;S;TXR;TAX_RATE;Tax Rate
darty122.tiff;1;1;2480;3508;72632;2133;1488;101;38;2133;1488;2234;1488;2234;1526;2133;1526;109,99;NNNSNN;undefined;OTHER;OTHER
darty122.tiff;1;1;2480;3508;72633;2244;1488;18;38;2244;1488;2262;1488;2262;1526;2244;1526;$;S;undefined;OTHER;OTHER
darty122.tiff;1;1;2480;3508;72625;508;1527;116;38;508;1527;624;1527;624;1565;508;1565;titanium;AAAAAAAA;PD;PRODUCT_DESCRIPTION;Product Description
darty122.tiff;1;1;2480;3508;72626;634;1527;77;38;634;1527;711;1527;711;1565;634;1565;Rose;AAAA;PD;PRODUCT_DESCRIPTION;Product Description
darty122.tiff;1;1;2480;3508;72634;1812;1565;64;38;1812;1565;1876;1565;1876;1603;1812;1603;20.0;NNSN;undefined;OTHER;OTHER
darty122.tiff;1;1;2480;3508;72635;508;1646;74;38;508;1646;582;1646;582;1684;508;1684;Frais;AAAAA;undefined;OTHER;OTHER
darty122.tiff;1;1;2480;3508;72636;591;1646;176;38;591;1646;767;1646;767;1684;591;1684;d'expédition;ASAAAAAAAAAA;undefined;OTHER;OTHER
darty122.tiff;1;1;2480;3508;72637;2133;1646;133;38;2133;1646;2266;1646;2266;1684;2133;1684;OFFERT;AAAAAA;undefined;OTHER;OTHER
darty122.tiff;1;1;2480;3508;72638;1041;1847;89;44;1041;1847;1130;1847;1130;1891;1041;1891;Total;AAAAA;undefined;OTHER;OTHER
darty122.tiff;1;1;2480;3508;72639;1141;1847;125;44;1141;1847;1266;1847;1266;1891;1141;1891;facturé;AAAAAAA;undefined;OTHER;OTHER
darty122.tiff;1;1;2480;3508;72640;1277;1847;12;44;1277;1847;1289;1847;1289;1891;1277;1891;:;S;undefined;OTHER;OTHER
darty122.tiff;1;1;2480;3508;72641;1508;1847;114;43;1508;1847;1622;1847;1622;1890;1508;1890;158,31;NNNSNN;TWTX;TOTAL_WITHOUT_TAX;TWTXS
darty122.tiff;1;1;2480;3508;72642;1633;1847;20;43;1633;1847;1653;1847;1653;1890;1633;1890;$;S;TWTX;TOTAL_WITHOUT_TAX;TWTXS
darty122.tiff;1;1;2480;3508;72643;1800;1847;93;43;1800;1847;1893;1847;1893;1890;1800;1890;31,66;NNSNN;TTX;TOTAL_TAX;Total Tax
darty122.tiff;1;1;2480;3508;72644;1904;1847;20;43;1904;1847;1924;1847;1924;1890;1904;1890;$;S;TTX;TOTAL_TAX;Total Tax
darty122.tiff;1;1;2480;3508;72645;2104;1847;114;43;2104;1847;2218;1847;2218;1890;2104;1890;189,97;NNNSNN;TA;TOTAL_AMOUNT;Total with TAX
darty122.tiff;1;1;2480;3508;72646;2229;1847;20;43;2229;1847;2249;1847;2249;1890;2229;1890;$;S;TA;TOTAL_AMOUNT;Total with TAX
darty122.tiff;1;1;2480;3508;72647;941;2134;145;44;941;2134;1086;2134;1086;2178;941;2178;Montant;AAAAAAA;undefined;OTHER;OTHER
darty122.tiff;1;1;2480;3508;72648;1097;2134;89;44;1097;2134;1186;2134;1186;2178;1097;2178;réglé;AAAAA;undefined;OTHER;OTHER
darty122.tiff;1;1;2480;3508;72649;1197;2134;58;44;1197;2134;1255;2134;1255;2178;1197;2178;par;AAA;undefined;OTHER;OTHER
darty122.tiff;1;1;2480;3508;72650;1266;2134;12;44;1266;2134;1278;2134;1278;2178;1266;2178;:;S;undefined;OTHER;OTHER
darty122.tiff;1;1;2480;3508;72651;1416;2134;137;44;1416;2134;1553;2134;1553;2178;1416;2178;Chèque;AAAAAA;PMODE;PAYMENT_MODE;Payment Mode
darty122.tiff;1;1;2480;3508;72656;2105;2134;114;44;2105;2134;2219;2134;2219;2178;2105;2178;189,97;NNNSNN;TA;TOTAL_AMOUNT;Total with TAX
darty122.tiff;1;1;2480;3508;72657;2230;2134;20;44;2230;2134;2250;2134;2250;2178;2230;2178;$;S;TA;TOTAL_AMOUNT;Total with TAX
darty122.tiff;1;1;2480;3508;72652;1712;2272;122;44;1712;2272;1834;2272;1834;2316;1712;2316;Soldes;AAAAAA;undefined;OTHER;OTHER
darty122.tiff;1;1;2480;3508;72653;1845;2272;20;44;1845;2272;1865;2272;1865;2316;1845;2316;à;A;undefined;OTHER;OTHER
darty122.tiff;1;1;2480;3508;72654;1877;2272;104;44;1877;2272;1981;2272;1981;2316;1877;2316;régler;AAAAAA;undefined;OTHER;OTHER
darty122.tiff;1;1;2480;3508;72655;1991;2272;12;44;1991;2272;2003;2272;2003;2316;1991;2316;:;S;undefined;OTHER;OTHER
darty122.tiff;1;1;2480;3508;72658;2105;2272;72;44;2105;2272;2177;2272;2177;2316;2105;2316;0,00;NSNN;undefined;OTHER;OTHER
darty122.tiff;1;1;2480;3508;72659;501;3008;140;33;501;3008;641;3008;641;3041;501;3041;CENTURY;AAAAAAA;SN;SUPPLIER_NAME;Seller/Company) name
darty122.tiff;1;1;2480;3508;72660;650;3008;32;33;650;3008;682;3008;682;3041;650;3041;21;NN;SN;SUPPLIER_NAME;Seller/Company) name
darty122.tiff;1;1;2480;3508;72661;691;3008;9;33;691;3008;700;3008;700;3041;691;3041;-;S;SN;SUPPLIER_NAME;Seller/Company) name
darty122.tiff;1;1;2480;3508;72662;709;3008;166;33;709;3008;875;3008;875;3041;709;3041;LAURAINNE;AAAAAAAAA;SN;SUPPLIER_NAME;Seller/Company) name
darty122.tiff;1;1;2480;3508;72663;884;3008;171;33;884;3008;1055;3008;1055;3041;884;3041;IMMOBILIER;AAAAAAAAAA;SN;SUPPLIER_NAME;Seller/Company) name
darty122.tiff;1;1;2480;3508;72664;1055;3008;0;33;1055;3008;1055;3008;1055;3041;1055;3041;;;undefined;OTHER;OTHER
darty122.tiff;1;1;2480;3508;72665;1064;3008;9;33;1064;3008;1073;3008;1073;3041;1064;3041;-;S;undefined;OTHER;OTHER
darty122.tiff;1;1;2480;3508;72666;1081;3008;61;33;1081;3008;1142;3008;1142;3041;1081;3041;SNC;AAA;undefined;OTHER;OTHER
darty122.tiff;1;1;2480;3508;72667;1151;3008;32;33;1151;3008;1183;3008;1183;3041;1151;3041;au;AA;undefined;OTHER;OTHER
darty122.tiff;1;1;2480;3508;72668;1192;3008;84;33;1192;3008;1276;3008;1276;3041;1192;3041;capital;AAAAAAA;undefined;OTHER;OTHER
darty122.tiff;1;1;2480;3508;72669;1284;3008;32;33;1284;3008;1316;3008;1316;3041;1284;3041;de;AA;undefined;OTHER;OTHER
darty122.tiff;1;1;2480;3508;72670;1324;3008;113;33;1324;3008;1437;3008;1437;3041;1324;3041;7296585;NNNNNNN;undefined;OTHER;OTHER
darty122.tiff;1;1;2480;3508;72671;1446;3008;45;33;1446;3008;1491;3008;1491;3041;1446;3041;Eur;AAA;undefined;OTHER;OTHER
darty122.tiff;1;1;2480;3508;72672;1500;3008;9;33;1500;3008;1509;3008;1509;3041;1500;3041;-;S;undefined;OTHER;OTHER
darty122.tiff;1;1;2480;3508;72673;1517;3008;0;33;1517;3008;1517;3008;1517;3041;1517;3041;;;undefined;OTHER;OTHER
darty122.tiff;1;1;2480;3508;72674;1526;3008;32;33;1526;3008;1558;3008;1558;3041;1526;3041;N°;AS;undefined;OTHER;OTHER
darty122.tiff;1;1;2480;3508;72675;1566;3008;59;33;1566;3008;1625;3008;1625;3041;1566;3041;Siret;AAAAA;undefined;OTHER;OTHER
darty122.tiff;1;1;2480;3508;72676;1634;3008;48;33;1634;3008;1682;3008;1682;3041;1634;3041;295;NNN;SSIRET;SUPPLIER_SIRET;Seller Siret
darty122.tiff;1;1;2480;3508;72677;1691;3008;48;33;1691;3008;1739;3008;1739;3041;1691;3041;251;NNN;SSIRET;SUPPLIER_SIRET;Seller Siret
darty122.tiff;1;1;2480;3508;72678;1748;3008;48;33;1748;3008;1796;3008;1796;3041;1748;3041;956;NNN;SSIRET;SUPPLIER_SIRET;Seller Siret
darty122.tiff;1;1;2480;3508;72679;1805;3008;81;33;1805;3008;1886;3008;1886;3041;1805;3041;11147;NNNNN;SSIRET;SUPPLIER_SIRET;Seller Siret
darty122.tiff;1;1;2480;3508;72680;1886;3008;0;33;1886;3008;1886;3008;1886;3041;1886;3041;;;undefined;OTHER;OTHER
darty122.tiff;1;1;2480;3508;72681;1894;3008;9;33;1894;3008;1903;3008;1903;3041;1894;3041;-;S;undefined;OTHER;OTHER
darty122.tiff;1;1;2480;3508;72682;1912;3008;58;33;1912;3008;1970;3008;1970;3041;1912;3041;NAF;AAA;undefined;OTHER;OTHER
darty122.tiff;1;1;2480;3508;72683;838;3045;106;33;838;3045;944;3045;944;3078;838;3078;Adresse;AAAAAAA;SA;SUPPLIER_ADDRESS;Seller Address
darty122.tiff;1;1;2480;3508;72684;954;3045;8;33;954;3045;962;3045;962;3078;954;3078;:;S;SA;SUPPLIER_ADDRESS;Seller Address
darty122.tiff;1;1;2480;3508;72685;970;3045;32;33;970;3045;1002;3045;1002;3078;970;3078;77;NN;SA;SUPPLIER_ADDRESS;Seller Address
darty122.tiff;1;1;2480;3508;72686;1010;3045;119;33;1010;3045;1129;3045;1129;3078;1010;3078;AVENUE;AAAAAA;SA;SUPPLIER_ADDRESS;Seller Address
darty122.tiff;1;1;2480;3508;72687;1138;3045;59;33;1138;3045;1197;3045;1197;3078;1138;3078;DES;AAA;SA;SUPPLIER_ADDRESS;Seller Address
darty122.tiff;1;1;2480;3508;72688;1206;3045;147;33;1206;3045;1353;3045;1353;3078;1206;3078;GLACIERS;AAAAAAAA;SA;SUPPLIER_ADDRESS;Seller Address
darty122.tiff;1;1;2480;3508;72689;1362;3045;0;33;1362;3045;1362;3045;1362;3078;1362;3078;;;undefined;OTHER;OTHER
darty122.tiff;1;1;2480;3508;72690;1370;3045;9;33;1370;3045;1379;3045;1379;3078;1370;3078;-;S;undefined;OTHER;OTHER
darty122.tiff;1;1;2480;3508;72691;1388;3045;81;33;1388;3045;1469;3045;1469;3078;1388;3078;74340;NNNNN;SA;SUPPLIER_ADDRESS;Seller Address
darty122.tiff;1;1;2480;3508;72692;1477;3045;9;33;1477;3045;1486;3045;1486;3078;1477;3078;-;S;SA;SUPPLIER_ADDRESS;Seller Address
darty122.tiff;1;1;2480;3508;72693;1495;3045;145;33;1495;3045;1640;3045;1640;3078;1495;3078;SAMOENS;AAAAAAA;SA;SUPPLIER_ADDRESS;Seller Address
darty122.tiff;1;1;2480;3508;72694;993;3083;32;33;993;3083;1025;3083;1025;3116;993;3116;N°;AS;undefined;OTHER;OTHER
darty122.tiff;1;1;2480;3508;72695;1034;3083;56;33;1034;3083;1090;3083;1090;3116;1034;3116;TVA;AAA;undefined;OTHER;OTHER
darty122.tiff;1;1;2480;3508;72696;1099;3083;113;33;1099;3083;1212;3083;1212;3116;1099;3116;Intracom;AAAAAAAA;undefined;OTHER;OTHER
darty122.tiff;1;1;2480;3508;72697;1220;3083;8;33;1220;3083;1228;3083;1228;3116;1220;3116;:;S;undefined;OTHER;OTHER
darty122.tiff;1;1;2480;3508;72698;1237;3083;38;33;1237;3083;1275;3083;1275;3116;1237;3116;FR;AA;SVAT;SUPPLIER_VAT;Seller Vat Number/TVA
darty122.tiff;1;1;2480;3508;72699;1284;3083;32;33;1284;3083;1316;3083;1316;3116;1284;3116;89;NN;SVAT;SUPPLIER_VAT;Seller Vat Number/TVA
darty122.tiff;1;1;2480;3508;72700;1324;3083;48;33;1324;3083;1372;3083;1372;3116;1324;3116;295;NNN;SVAT;SUPPLIER_VAT;Seller Vat Number/TVA
darty122.tiff;1;1;2480;3508;72701;1381;3083;48;33;1381;3083;1429;3083;1429;3116;1381;3116;251;NNN;SVAT;SUPPLIER_VAT;Seller Vat Number/TVA
darty122.tiff;1;1;2480;3508;72702;1438;3083;48;33;1438;3083;1486;3083;1486;3116;1438;3116;956;NNN;SVAT;SUPPLIER_VAT;Seller Vat Number/TVA
darty122.tiff;1;1;2480;3508;72703;677;3120;82;33;677;3120;759;3120;759;3153;677;3153;Notice;AAAAAA;undefined;OTHER;OTHER
darty122.tiff;1;1;2480;3508;72704;768;3120;105;33;768;3120;873;3120;873;3153;768;3153;officielle;AAAAAAAAAA;undefined;OTHER;OTHER
darty122.tiff;1;1;2480;3508;72705;881;3120;166;33;881;3120;1047;3120;1047;3153;881;3153;d'information;ASAAAAAAAAAAA;undefined;OTHER;OTHER
darty122.tiff;1;1;2480;3508;72706;1055;3120;40;33;1055;3120;1095;3120;1095;3153;1055;3153;sur;AAA;undefined;OTHER;OTHER
darty122.tiff;1;1;2480;3508;72707;1104;3120;22;33;1104;3120;1126;3120;1126;3153;1104;3153;la;AA;undefined;OTHER;OTHER
darty122.tiff;1;1;2480;3508;72708;1135;3120;69;33;1135;3120;1204;3120;1204;3153;1135;3153;copie;AAAAA;undefined;OTHER;OTHER
darty122.tiff;1;1;2480;3508;72709;1212;3120;79;33;1212;3120;1291;3120;1291;3153;1212;3153;privée;AAAAAA;undefined;OTHER;OTHER
darty122.tiff;1;1;2480;3508;72710;1300;3120;8;33;1300;3120;1308;3120;1308;3153;1300;3153;:;S;undefined;OTHER;OTHER
darty122.tiff;1;1;2480;3508;72711;1316;3120;486;33;1316;3120;1802;3120;1802;3153;1316;3153;http://www.copieprivee.culture.gouv.fr;AAAASSSAAASAAAAAAAAAAASAAAAAAASAAAASAA;undefined;OTHER;OTHER
darty122.tiff;1;1;2480;3508;72712;586;3158;376;33;586;3158;962;3158;962;3191;586;3191;Remboursement/exoneration;AAAAAAAAAAAAASAAAAAAAAAAA;undefined;OTHER;OTHER
darty122.tiff;1;1;2480;3508;72713;970;3158;32;33;970;3158;1002;3158;1002;3191;970;3191;de;AA;undefined;OTHER;OTHER
darty122.tiff;1;1;2480;3508;72714;1010;3158;22;33;1010;3158;1032;3158;1032;3191;1010;3191;la;AA;undefined;OTHER;OTHER
darty122.tiff;1;1;2480;3508;72715;1041;3158;171;33;1041;3158;1212;3158;1212;3191;1041;3191;rénumeration;AAAAAAAAAAAA;undefined;OTHER;OTHER
darty122.tiff;1;1;2480;3508;72716;1221;3158;58;33;1221;3158;1279;3158;1279;3191;1221;3191;pour;AAAA;undefined;OTHER;OTHER
darty122.tiff;1;1;2480;3508;72717;1287;3158;79;33;1287;3158;1366;3158;1366;3191;1287;3191;usage;AAAAA;undefined;OTHER;OTHER
darty122.tiff;1;1;2480;3508;72718;1375;3158;173;33;1375;3158;1548;3158;1548;3191;1375;3191;professionnel;AAAAAAAAAAAAA;undefined;OTHER;OTHER
darty122.tiff;1;1;2480;3508;72719;1557;3158;8;33;1557;3158;1565;3158;1565;3191;1557;3191;:;S;undefined;OTHER;OTHER
darty122.tiff;1;1;2480;3508;72720;1573;3158;320;33;1573;3158;1893;3158;1893;3191;1573;3191;http://www.copiefrance.fr;AAAASSSAAASAAAAAAAAAAASAA;undefined;OTHER;OTHER
