src;num_pages;page_id;page_width;page_height;id;col;row;width;height;x1;y1;x2;y2;x3;y3;x4;y4;contents;contents_masked;correctclass;tag;description
darty2.tiff;1;1;2480;3508;47004;445;162;45;43;445;162;490;162;490;205;445;205;LA;AA;SN;SUPPLIER_NAME;Seller/Company) name
darty2.tiff;1;1;2480;3508;47005;502;162;106;43;502;162;608;162;608;205;502;205;PIZZA;AAAAA;SN;SUPPLIER_NAME;Seller/Company) name
darty2.tiff;1;1;2480;3508;47006;618;162;145;43;618;162;763;162;763;205;618;205;DELIZIO;AAAAAAA;SN;SUPPLIER_NAME;Seller/Company) name
darty2.tiff;1;1;2480;3508;47038;1375;208;166;43;1375;208;1541;208;1541;251;1375;251;SCHMITT;AAAAAAA;SHN;SHIPPING_NAME;Shipping Name
darty2.tiff;1;1;2480;3508;47039;1552;208;139;43;1552;208;1691;208;1691;251;1552;251;MANON;AAAAA;SHN;SHIPPING_NAME;Shipping Name
darty2.tiff;1;1;2480;3508;47007;445;239;143;43;445;239;588;239;588;282;445;282;Services;AAAAAAAA;undefined;OTHER;OTHER
darty2.tiff;1;1;2480;3508;47008;600;239;208;43;600;239;808;239;808;282;600;282;Comptabilité;AAAAAAAAAAAA;undefined;OTHER;OTHER
darty2.tiff;1;1;2480;3508;47040;1375;252;52;43;1375;252;1427;252;1427;295;1375;295;20,;NNS;SHA;SHIPPING_ADDRESS;Shipping Address
darty2.tiff;1;1;2480;3508;47041;1437;252;154;43;1437;252;1591;252;1591;295;1437;295;AVENUE;AAAAAA;SHA;SHIPPING_ADDRESS;Shipping Address
darty2.tiff;1;1;2480;3508;47042;1602;252;54;43;1602;252;1656;252;1656;295;1602;295;DU;AA;SHA;SHIPPING_ADDRESS;Shipping Address
darty2.tiff;1;1;2480;3508;47043;1666;252;183;43;1666;252;1849;252;1849;295;1666;295;BOURCET;AAAAAAA;SHA;SHIPPING_ADDRESS;Shipping Address
darty2.tiff;1;1;2480;3508;47044;1375;295;104;43;1375;295;1479;295;1479;338;1375;338;38240;NNNNN;SHA;SHIPPING_ADDRESS;Shipping Address
darty2.tiff;1;1;2480;3508;47045;1489;295;154;43;1489;295;1643;295;1643;338;1489;338;MEYLAN;AAAAAA;SHA;SHIPPING_ADDRESS;Shipping Address
darty2.tiff;1;1;2480;3508;47009;445;316;72;43;445;316;517;316;517;359;445;359;TSA;AAA;undefined;OTHER;OTHER
darty2.tiff;1;1;2480;3508;47010;529;316;77;43;529;316;606;316;606;359;529;359;n°80;ASNN;undefined;OTHER;OTHER
darty2.tiff;1;1;2480;3508;47011;617;316;62;43;617;316;679;316;679;359;617;359;004;NNN;undefined;OTHER;OTHER
darty2.tiff;1;1;2480;3508;47046;1375;338;154;43;1375;338;1529;338;1529;381;1375;381;FRANCE;AAAAAA;SHA;SHIPPING_ADDRESS;Shipping Address
darty2.tiff;1;1;2480;3508;47012;445;393;104;43;445;393;549;393;549;436;445;436;74170;NNNNN;SA;SUPPLIER_ADDRESS;Seller Address
darty2.tiff;1;1;2480;3508;47013;560;393;12;43;560;393;572;393;572;436;560;436;-;S;SA;SUPPLIER_ADDRESS;Seller Address
darty2.tiff;1;1;2480;3508;47014;583;393;110;43;583;393;693;393;693;436;583;436;SAINT;AAAAA;SA;SUPPLIER_ADDRESS;Seller Address
darty2.tiff;1;1;2480;3508;47015;704;393;166;43;704;393;870;393;870;436;704;436;GERVAIS;AAAAAAA;SA;SUPPLIER_ADDRESS;Seller Address
darty2.tiff;1;1;2480;3508;47016;881;393;70;43;881;393;951;393;951;436;881;436;LES;AAA;SA;SUPPLIER_ADDRESS;Seller Address
darty2.tiff;1;1;2480;3508;47017;962;393;112;43;962;393;1074;393;1074;436;962;436;BAINS;AAAAA;SA;SUPPLIER_ADDRESS;Seller Address
darty2.tiff;1;1;2480;3508;47018;445;469;177;43;445;469;622;469;622;512;445;512;Téléphone;AAAAAAAAA;SCN;SUPPLIER_CONTACT_NUMBER;Seller Contact Number
darty2.tiff;1;1;2480;3508;47019;633;469;10;43;633;469;643;469;643;512;633;512;:;S;SCN;SUPPLIER_CONTACT_NUMBER;Seller Contact Number
darty2.tiff;1;1;2480;3508;47020;654;469;0;43;654;469;654;469;654;512;654;512;;;SCN;SUPPLIER_CONTACT_NUMBER;Seller Contact Number
darty2.tiff;1;1;2480;3508;47021;664;469;63;43;664;469;727;469;727;512;664;512;+33;SNN;SCN;SUPPLIER_CONTACT_NUMBER;Seller Contact Number
darty2.tiff;1;1;2480;3508;47022;738;469;45;43;738;469;783;469;783;512;738;512;(0);SNS;SCN;SUPPLIER_CONTACT_NUMBER;Seller Contact Number
darty2.tiff;1;1;2480;3508;47023;794;469;20;43;794;469;814;469;814;512;794;512;2;N;SCN;SUPPLIER_CONTACT_NUMBER;Seller Contact Number
darty2.tiff;1;1;2480;3508;47024;826;469;41;43;826;469;867;469;867;512;826;512;28;NN;SCN;SUPPLIER_CONTACT_NUMBER;Seller Contact Number
darty2.tiff;1;1;2480;3508;47025;878;469;41;43;878;469;919;469;919;512;878;512;12;NN;SCN;SUPPLIER_CONTACT_NUMBER;Seller Contact Number
darty2.tiff;1;1;2480;3508;47026;930;469;41;43;930;469;971;469;971;512;930;512;07;NN;SCN;SUPPLIER_CONTACT_NUMBER;Seller Contact Number
darty2.tiff;1;1;2480;3508;47027;982;469;41;43;982;469;1023;469;1023;512;982;512;74;NN;SCN;SUPPLIER_CONTACT_NUMBER;Seller Contact Number
darty2.tiff;1;1;2480;3508;47047;1375;498;166;43;1375;498;1541;498;1541;541;1375;541;SCHMITT;AAAAAAA;BN;BILLING_NAME;Billing Name
darty2.tiff;1;1;2480;3508;47048;1552;498;139;43;1552;498;1691;498;1691;541;1552;541;MANON;AAAAA;BN;BILLING_NAME;Billing Name
darty2.tiff;1;1;2480;3508;47049;1375;542;52;43;1375;542;1427;542;1427;585;1375;585;20,;NNS;BA;BILLING_ADDRESS;Billing Address
darty2.tiff;1;1;2480;3508;47050;1437;542;154;43;1437;542;1591;542;1591;585;1437;585;AVENUE;AAAAAA;BA;BILLING_ADDRESS;Billing Address
darty2.tiff;1;1;2480;3508;47051;1602;542;54;43;1602;542;1656;542;1656;585;1602;585;DU;AA;BA;BILLING_ADDRESS;Billing Address
darty2.tiff;1;1;2480;3508;47052;1666;542;183;43;1666;542;1849;542;1849;585;1666;585;BOURCET;AAAAAAA;BA;BILLING_ADDRESS;Billing Address
darty2.tiff;1;1;2480;3508;47028;445;546;162;43;445;546;607;546;607;589;445;589;Télécopie;AAAAAAAAA;SFAX;SUPPLIER_FAX_NUMBER;Seller Fax Number
darty2.tiff;1;1;2480;3508;47029;618;546;10;43;618;546;628;546;628;589;618;589;:;S;SFAX;SUPPLIER_FAX_NUMBER;Seller Fax Number
darty2.tiff;1;1;2480;3508;47030;639;546;0;43;639;546;639;546;639;589;639;589;;;SFAX;SUPPLIER_FAX_NUMBER;Seller Fax Number
darty2.tiff;1;1;2480;3508;47031;650;546;63;43;650;546;713;546;713;589;650;589;+33;SNN;SFAX;SUPPLIER_FAX_NUMBER;Seller Fax Number
darty2.tiff;1;1;2480;3508;47032;724;546;45;43;724;546;769;546;769;589;724;589;(0);SNS;SFAX;SUPPLIER_FAX_NUMBER;Seller Fax Number
darty2.tiff;1;1;2480;3508;47033;780;546;20;43;780;546;800;546;800;589;780;589;2;N;SFAX;SUPPLIER_FAX_NUMBER;Seller Fax Number
darty2.tiff;1;1;2480;3508;47034;811;546;41;43;811;546;852;546;852;589;811;589;28;NN;SFAX;SUPPLIER_FAX_NUMBER;Seller Fax Number
darty2.tiff;1;1;2480;3508;47035;863;546;41;43;863;546;904;546;904;589;863;589;12;NN;SFAX;SUPPLIER_FAX_NUMBER;Seller Fax Number
darty2.tiff;1;1;2480;3508;47036;915;546;41;43;915;546;956;546;956;589;915;589;52;NN;SFAX;SUPPLIER_FAX_NUMBER;Seller Fax Number
darty2.tiff;1;1;2480;3508;47037;968;546;41;43;968;546;1009;546;1009;589;968;589;64;NN;SFAX;SUPPLIER_FAX_NUMBER;Seller Fax Number
darty2.tiff;1;1;2480;3508;47053;1375;585;104;43;1375;585;1479;585;1479;628;1375;628;38240;NNNNN;BA;BILLING_ADDRESS;Billing Address
darty2.tiff;1;1;2480;3508;47054;1489;585;154;43;1489;585;1643;585;1643;628;1489;628;MEYLAN;AAAAAA;BA;BILLING_ADDRESS;Billing Address
darty2.tiff;1;1;2480;3508;47055;1375;628;154;43;1375;628;1529;628;1529;671;1375;671;FRANCE;AAAAAA;BA;BILLING_ADDRESS;Billing Address
darty2.tiff;1;1;2480;3508;47056;566;742;179;44;566;742;745;742;745;786;566;786;FACTURE;AAAAAAA;undefined;OTHER;OTHER
darty2.tiff;1;1;2480;3508;47057;424;833;42;44;424;833;466;833;466;877;424;877;N°;AS;undefined;OTHER;OTHER
darty2.tiff;1;1;2480;3508;47058;467;833;220;44;467;833;687;833;687;877;467;877;9746-799910;NNNNSNNNNNN;IN;INVOICE_NUMBER;Invoice Number
darty2.tiff;1;1;2480;3508;47059;688;833;0;44;688;833;688;833;688;877;688;877;;;undefined;OTHER;OTHER
darty2.tiff;1;1;2480;3508;47060;698;833;45;44;698;833;743;833;743;877;698;877;du;AA;undefined;OTHER;OTHER
darty2.tiff;1;1;2480;3508;47061;754;833;41;44;754;833;795;833;795;877;754;877;18;NN;IDATE;INVOICE_DATE;Invoice Date
darty2.tiff;1;1;2480;3508;47062;806;833;58;44;806;833;864;833;864;877;806;877;abr;AAA;IDATE;INVOICE_DATE;Invoice Date
darty2.tiff;1;1;2480;3508;47063;875;833;83;44;875;833;958;833;958;877;875;877;2007;NNNN;IDATE;INVOICE_DATE;Invoice Date
darty2.tiff;1;1;2480;3508;47064;175;1029;254;44;175;1029;429;1029;429;1073;175;1073;Commande-n°;AAAAAAAASAS;undefined;OTHER;OTHER
darty2.tiff;1;1;2480;3508;47065;440;1029;137;44;440;1029;577;1029;577;1073;440;1073;750-931;NNNSNNN;ONUM;ORDER_NUMBER;Order Number
darty2.tiff;1;1;2480;3508;47066;577;1029;0;44;577;1029;577;1029;577;1073;577;1073;;;undefined;OTHER;OTHER
darty2.tiff;1;1;2480;3508;47067;588;1029;45;44;588;1029;633;1029;633;1073;588;1073;du;AA;undefined;OTHER;OTHER
darty2.tiff;1;1;2480;3508;47068;644;1029;41;44;644;1029;685;1029;685;1073;644;1073;18;NN;IDATE;INVOICE_DATE;Invoice Date
darty2.tiff;1;1;2480;3508;47069;696;1029;58;44;696;1029;754;1029;754;1073;696;1073;abr;AAA;IDATE;INVOICE_DATE;Invoice Date
darty2.tiff;1;1;2480;3508;47070;765;1029;83;44;765;1029;848;1029;848;1073;765;1073;2007;NNNN;IDATE;INVOICE_DATE;Invoice Date
darty2.tiff;1;1;2480;3508;47071;183;1170;161;39;183;1170;344;1170;344;1209;183;1209;Référence;AAAAAAAAA;undefined;OTHER;OTHER
darty2.tiff;1;1;2480;3508;47072;447;1170;55;39;447;1170;502;1170;502;1209;447;1209;Qté;AAA;undefined;OTHER;OTHER
darty2.tiff;1;1;2480;3508;47073;508;1170;105;39;508;1170;613;1170;613;1209;508;1209;Libellé;AAAAAAA;undefined;OTHER;OTHER
darty2.tiff;1;1;2480;3508;47074;1206;1170;135;39;1206;1170;1341;1170;1341;1209;1206;1209;Garantie;AAAAAAAA;undefined;OTHER;OTHER
darty2.tiff;1;1;2480;3508;47075;1515;1170;79;39;1515;1170;1594;1170;1594;1209;1515;1209;Total;AAAAA;undefined;OTHER;OTHER
darty2.tiff;1;1;2480;3508;47076;1604;1170;44;39;1604;1170;1648;1170;1648;1209;1604;1209;HT;AA;undefined;OTHER;OTHER
darty2.tiff;1;1;2480;3508;47077;1812;1170;166;39;1812;1170;1978;1170;1978;1209;1812;1209;Base/Taux;AAAASAAAA;undefined;OTHER;OTHER
darty2.tiff;1;1;2480;3508;47078;2133;1170;79;39;2133;1170;2212;1170;2212;1209;2133;1209;Total;AAAAA;undefined;OTHER;OTHER
darty2.tiff;1;1;2480;3508;47079;2222;1170;64;39;2222;1170;2286;1170;2286;1209;2222;1209;TTC;AAA;undefined;OTHER;OTHER
darty2.tiff;1;1;2480;3508;47080;1206;1210;85;39;1206;1210;1291;1210;1291;1249;1206;1249;Darty;AAAAA;undefined;OTHER;OTHER
darty2.tiff;1;1;2480;3508;47081;1812;1210;66;39;1812;1210;1878;1210;1878;1249;1812;1249;TVA;AAA;undefined;OTHER;OTHER
darty2.tiff;1;1;2480;3508;47082;1888;1210;40;39;1888;1210;1928;1210;1928;1249;1888;1249;ou;AA;undefined;OTHER;OTHER
darty2.tiff;1;1;2480;3508;47083;1938;1210;68;39;1938;1210;2006;1210;2006;1249;1938;1249;TCA;AAA;undefined;OTHER;OTHER
darty2.tiff;1;1;2480;3508;47084;1206;1250;135;39;1206;1250;1341;1250;1341;1289;1206;1289;jusqu'au;AAAAASAA;undefined;OTHER;OTHER
darty2.tiff;1;1;2480;3508;47099;183;1331;240;38;183;1331;423;1331;423;1369;183;1369;3497672626831;NNNNNNNNNNNNN;SNO;SNO;SNO
darty2.tiff;1;1;2480;3508;47100;447;1331;46;38;447;1331;493;1331;493;1369;447;1369;2.0;NSN;QTY;QUANTITY;Quantity
darty2.tiff;1;1;2480;3508;47101;508;1331;92;38;508;1331;600;1331;600;1369;508;1369;Tuyau;AAAAA;PD;PRODUCT_DESCRIPTION;Product Description
darty2.tiff;1;1;2480;3508;47102;610;1331;9;38;610;1331;619;1331;619;1369;610;1369;/;S;PD;PRODUCT_DESCRIPTION;Product Description
darty2.tiff;1;1;2480;3508;47103;628;1331;124;38;628;1331;752;1331;752;1369;628;1369;Raccord;AAAAAAA;PD;PRODUCT_DESCRIPTION;Product Description
darty2.tiff;1;1;2480;3508;47104;762;1331;153;38;762;1331;915;1331;915;1369;762;1369;Essentielb;AAAAAAAAAA;PD;PRODUCT_DESCRIPTION;Product Description
darty2.tiff;1;1;2480;3508;47105;925;1331;92;38;925;1331;1017;1331;1017;1369;925;1369;Tuyau;AAAAA;PD;PRODUCT_DESCRIPTION;Product Description
darty2.tiff;1;1;2480;3508;47106;1027;1331;67;38;1027;1331;1094;1331;1094;1369;1027;1369;d'ali.;ASAAAS;PD;PRODUCT_DESCRIPTION;Product Description
darty2.tiff;1;1;2480;3508;47110;1206;1331;37;38;1206;1331;1243;1331;1243;1369;1206;1369;18;NN;undefined;OTHER;OTHER
darty2.tiff;1;1;2480;3508;47111;1253;1331;48;38;1253;1331;1301;1331;1301;1369;1253;1369;abr;AAA;undefined;OTHER;OTHER
darty2.tiff;1;1;2480;3508;47112;1310;1331;74;38;1310;1331;1384;1331;1384;1369;1310;1369;2009;NNNN;undefined;OTHER;OTHER
darty2.tiff;1;1;2480;3508;47113;1515;1331;64;38;1515;1331;1579;1331;1579;1369;1515;1369;9,98;NSNN;PTWTX;PRODUCT_TOTAL_PRICE_WITHOUT_TAX;Product Total Price without TAX
darty2.tiff;1;1;2480;3508;47114;1589;1331;18;38;1589;1331;1607;1331;1607;1369;1589;1369;$;S;PTWTX;PRODUCT_TOTAL_PRICE_WITHOUT_TAX;Product Total Price without TAX
darty2.tiff;1;1;2480;3508;47115;1812;1331;64;38;1812;1331;1876;1331;1876;1369;1812;1369;2,00;NSNN;TXR;TAX_RATE;Tax Rate
darty2.tiff;1;1;2480;3508;47116;1886;1331;18;38;1886;1331;1904;1331;1904;1369;1886;1369;$;S;TXR;TAX_RATE;Tax Rate
darty2.tiff;1;1;2480;3508;47117;2133;1331;83;38;2133;1331;2216;1331;2216;1369;2133;1369;11,98;NNSNN;undefined;OTHER;OTHER
darty2.tiff;1;1;2480;3508;47118;2225;1331;18;38;2225;1331;2243;1331;2243;1369;2225;1369;$;S;undefined;OTHER;OTHER
darty2.tiff;1;1;2480;3508;47107;508;1370;64;38;508;1370;572;1370;572;1408;508;1408;2.50;NSNN;PD;PRODUCT_DESCRIPTION;Product Description
darty2.tiff;1;1;2480;3508;47108;582;1370;27;38;582;1370;609;1370;609;1408;582;1408;m;A;PD;PRODUCT_DESCRIPTION;Product Description
darty2.tiff;1;1;2480;3508;47109;619;1370;90;38;619;1370;709;1370;709;1408;619;1408;coudé;AAAAA;PD;PRODUCT_DESCRIPTION;Product Description
darty2.tiff;1;1;2480;3508;47119;1812;1408;64;38;1812;1408;1876;1408;1876;1446;1812;1446;20.0;NNSN;undefined;OTHER;OTHER
darty2.tiff;1;1;2480;3508;47120;183;1488;240;38;183;1488;423;1488;423;1526;183;1526;3497674120689;NNNNNNNNNNNNN;SNO;SNO;SNO
darty2.tiff;1;1;2480;3508;47121;447;1488;46;38;447;1488;493;1488;493;1526;447;1526;2.0;NSN;QTY;QUANTITY;Quantity
darty2.tiff;1;1;2480;3508;47122;508;1488;127;38;508;1488;635;1488;635;1526;508;1526;Crêpière;AAAAAAAA;PD;PRODUCT_DESCRIPTION;Product Description
darty2.tiff;1;1;2480;3508;47123;645;1488;153;38;645;1488;798;1488;798;1526;645;1526;Essentielb;AAAAAAAAAA;PD;PRODUCT_DESCRIPTION;Product Description
darty2.tiff;1;1;2480;3508;47124;808;1488;29;38;808;1488;837;1488;837;1526;808;1526;Al;AA;PD;PRODUCT_DESCRIPTION;Product Description
darty2.tiff;1;1;2480;3508;47125;847;1488;88;38;847;1488;935;1488;935;1526;847;1526;Dente;AAAAA;PD;PRODUCT_DESCRIPTION;Product Description
darty2.tiff;1;1;2480;3508;47130;1206;1488;37;38;1206;1488;1243;1488;1243;1526;1206;1526;18;NN;undefined;OTHER;OTHER
darty2.tiff;1;1;2480;3508;47131;1253;1488;48;38;1253;1488;1301;1488;1301;1526;1253;1526;abr;AAA;undefined;OTHER;OTHER
darty2.tiff;1;1;2480;3508;47132;1310;1488;74;38;1310;1488;1384;1488;1384;1526;1310;1526;2009;NNNN;undefined;OTHER;OTHER
darty2.tiff;1;1;2480;3508;47133;1515;1488;83;38;1515;1488;1598;1488;1598;1526;1515;1526;16,65;NNSNN;PTWTX;PRODUCT_TOTAL_PRICE_WITHOUT_TAX;Product Total Price without TAX
darty2.tiff;1;1;2480;3508;47134;1607;1488;18;38;1607;1488;1625;1488;1625;1526;1607;1526;$;S;PTWTX;PRODUCT_TOTAL_PRICE_WITHOUT_TAX;Product Total Price without TAX
darty2.tiff;1;1;2480;3508;47135;1812;1488;64;38;1812;1488;1876;1488;1876;1526;1812;1526;3,33;NSNN;TXR;TAX_RATE;Tax Rate
darty2.tiff;1;1;2480;3508;47136;1886;1488;18;38;1886;1488;1904;1488;1904;1526;1886;1526;$;S;TXR;TAX_RATE;Tax Rate
darty2.tiff;1;1;2480;3508;47137;2133;1488;83;38;2133;1488;2216;1488;2216;1526;2133;1526;19,98;NNSNN;undefined;OTHER;OTHER
darty2.tiff;1;1;2480;3508;47138;2225;1488;18;38;2225;1488;2243;1488;2243;1526;2225;1526;$;S;undefined;OTHER;OTHER
darty2.tiff;1;1;2480;3508;47126;508;1527;153;38;508;1527;661;1527;661;1565;508;1565;diam24cm;AAAANNAA;PD;PRODUCT_DESCRIPTION;Product Description
darty2.tiff;1;1;2480;3508;47127;671;1527;83;38;671;1527;754;1527;754;1565;671;1565;taupe;AAAAA;PD;PRODUCT_DESCRIPTION;Product Description
darty2.tiff;1;1;2480;3508;47128;764;1527;62;38;764;1527;826;1527;826;1565;764;1565;tous;AAAA;PD;PRODUCT_DESCRIPTION;Product Description
darty2.tiff;1;1;2480;3508;47129;836;1527;62;38;836;1527;898;1527;898;1565;836;1565;feux;AAAA;PD;PRODUCT_DESCRIPTION;Product Description
darty2.tiff;1;1;2480;3508;47139;1812;1565;64;38;1812;1565;1876;1565;1876;1603;1812;1603;20.0;NNSN;undefined;OTHER;OTHER
darty2.tiff;1;1;2480;3508;47140;508;1646;74;38;508;1646;582;1646;582;1684;508;1684;Frais;AAAAA;undefined;OTHER;OTHER
darty2.tiff;1;1;2480;3508;47141;591;1646;176;38;591;1646;767;1646;767;1684;591;1684;d'expédition;ASAAAAAAAAAA;undefined;OTHER;OTHER
darty2.tiff;1;1;2480;3508;47142;2133;1646;133;38;2133;1646;2266;1646;2266;1684;2133;1684;OFFERT;AAAAAA;undefined;OTHER;OTHER
darty2.tiff;1;1;2480;3508;47143;1041;1847;89;44;1041;1847;1130;1847;1130;1891;1041;1891;Total;AAAAA;undefined;OTHER;OTHER
darty2.tiff;1;1;2480;3508;47144;1141;1847;125;44;1141;1847;1266;1847;1266;1891;1141;1891;facturé;AAAAAAA;undefined;OTHER;OTHER
darty2.tiff;1;1;2480;3508;47145;1277;1847;12;44;1277;1847;1289;1847;1289;1891;1277;1891;:;S;undefined;OTHER;OTHER
darty2.tiff;1;1;2480;3508;47146;1508;1847;93;43;1508;1847;1601;1847;1601;1890;1508;1890;26,63;NNSNN;TWTX;TOTAL_WITHOUT_TAX;TWTXS
darty2.tiff;1;1;2480;3508;47147;1612;1847;20;43;1612;1847;1632;1847;1632;1890;1612;1890;$;S;TWTX;TOTAL_WITHOUT_TAX;TWTXS
darty2.tiff;1;1;2480;3508;47148;1800;1847;72;43;1800;1847;1872;1847;1872;1890;1800;1890;5,33;NSNN;TTX;TOTAL_TAX;Total Tax
darty2.tiff;1;1;2480;3508;47149;1883;1847;20;43;1883;1847;1903;1847;1903;1890;1883;1890;$;S;TTX;TOTAL_TAX;Total Tax
darty2.tiff;1;1;2480;3508;47150;2104;1847;93;43;2104;1847;2197;1847;2197;1890;2104;1890;31,96;NNSNN;TA;TOTAL_AMOUNT;Total with TAX
darty2.tiff;1;1;2480;3508;47151;2208;1847;20;43;2208;1847;2228;1847;2228;1890;2208;1890;$;S;TA;TOTAL_AMOUNT;Total with TAX
darty2.tiff;1;1;2480;3508;47152;941;2134;145;44;941;2134;1086;2134;1086;2178;941;2178;Montant;AAAAAAA;undefined;OTHER;OTHER
darty2.tiff;1;1;2480;3508;47153;1097;2134;89;44;1097;2134;1186;2134;1186;2178;1097;2178;réglé;AAAAA;undefined;OTHER;OTHER
darty2.tiff;1;1;2480;3508;47154;1197;2134;58;44;1197;2134;1255;2134;1255;2178;1197;2178;par;AAA;undefined;OTHER;OTHER
darty2.tiff;1;1;2480;3508;47155;1266;2134;12;44;1266;2134;1278;2134;1278;2178;1266;2178;:;S;undefined;OTHER;OTHER
darty2.tiff;1;1;2480;3508;47156;1416;2134;137;44;1416;2134;1553;2134;1553;2178;1416;2178;Chèque;AAAAAA;PMODE;PAYMENT_MODE;Payment Mode
darty2.tiff;1;1;2480;3508;47161;2105;2134;93;44;2105;2134;2198;2134;2198;2178;2105;2178;31,96;NNSNN;TA;TOTAL_AMOUNT;Total with TAX
darty2.tiff;1;1;2480;3508;47162;2209;2134;20;44;2209;2134;2229;2134;2229;2178;2209;2178;$;S;TA;TOTAL_AMOUNT;Total with TAX
darty2.tiff;1;1;2480;3508;47157;1712;2272;122;44;1712;2272;1834;2272;1834;2316;1712;2316;Soldes;AAAAAA;undefined;OTHER;OTHER
darty2.tiff;1;1;2480;3508;47158;1845;2272;20;44;1845;2272;1865;2272;1865;2316;1845;2316;à;A;undefined;OTHER;OTHER
darty2.tiff;1;1;2480;3508;47159;1877;2272;104;44;1877;2272;1981;2272;1981;2316;1877;2316;régler;AAAAAA;undefined;OTHER;OTHER
darty2.tiff;1;1;2480;3508;47160;1991;2272;12;44;1991;2272;2003;2272;2003;2316;1991;2316;:;S;undefined;OTHER;OTHER
darty2.tiff;1;1;2480;3508;47163;2105;2272;72;44;2105;2272;2177;2272;2177;2316;2105;2316;0,00;NSNN;undefined;OTHER;OTHER
darty2.tiff;1;1;2480;3508;47164;654;3008;35;33;654;3008;689;3008;689;3041;654;3041;LA;AA;SN;SUPPLIER_NAME;Seller/Company) name
darty2.tiff;1;1;2480;3508;47165;698;3008;82;33;698;3008;780;3008;780;3041;698;3041;PIZZA;AAAAA;SN;SUPPLIER_NAME;Seller/Company) name
darty2.tiff;1;1;2480;3508;47166;789;3008;113;33;789;3008;902;3008;902;3041;789;3041;DELIZIO;AAAAAAA;SN;SUPPLIER_NAME;Seller/Company) name
darty2.tiff;1;1;2480;3508;47167;902;3008;0;33;902;3008;902;3008;902;3041;902;3041;;;undefined;OTHER;OTHER
darty2.tiff;1;1;2480;3508;47168;910;3008;9;33;910;3008;919;3008;919;3041;910;3041;-;S;undefined;OTHER;OTHER
darty2.tiff;1;1;2480;3508;47169;928;3008;61;33;928;3008;989;3008;989;3041;928;3041;SNC;AAA;undefined;OTHER;OTHER
darty2.tiff;1;1;2480;3508;47170;998;3008;32;33;998;3008;1030;3008;1030;3041;998;3041;au;AA;undefined;OTHER;OTHER
darty2.tiff;1;1;2480;3508;47171;1038;3008;84;33;1038;3008;1122;3008;1122;3041;1038;3041;capital;AAAAAAA;undefined;OTHER;OTHER
darty2.tiff;1;1;2480;3508;47172;1131;3008;32;33;1131;3008;1163;3008;1163;3041;1131;3041;de;AA;undefined;OTHER;OTHER
darty2.tiff;1;1;2480;3508;47173;1171;3008;113;33;1171;3008;1284;3008;1284;3041;1171;3041;7742379;NNNNNNN;undefined;OTHER;OTHER
darty2.tiff;1;1;2480;3508;47174;1293;3008;45;33;1293;3008;1338;3008;1338;3041;1293;3041;Eur;AAA;undefined;OTHER;OTHER
darty2.tiff;1;1;2480;3508;47175;1346;3008;9;33;1346;3008;1355;3008;1355;3041;1346;3041;-;S;undefined;OTHER;OTHER
darty2.tiff;1;1;2480;3508;47176;1364;3008;0;33;1364;3008;1364;3008;1364;3041;1364;3041;;;undefined;OTHER;OTHER
darty2.tiff;1;1;2480;3508;47177;1372;3008;32;33;1372;3008;1404;3008;1404;3041;1372;3041;N°;AS;undefined;OTHER;OTHER
darty2.tiff;1;1;2480;3508;47178;1413;3008;59;33;1413;3008;1472;3008;1472;3041;1413;3041;Siret;AAAAA;undefined;OTHER;OTHER
darty2.tiff;1;1;2480;3508;47179;1481;3008;48;33;1481;3008;1529;3008;1529;3041;1481;3041;361;NNN;SSIRET;SUPPLIER_SIRET;Seller Siret
darty2.tiff;1;1;2480;3508;47180;1538;3008;48;33;1538;3008;1586;3008;1586;3041;1538;3041;731;NNN;SSIRET;SUPPLIER_SIRET;Seller Siret
darty2.tiff;1;1;2480;3508;47181;1595;3008;48;33;1595;3008;1643;3008;1643;3041;1595;3041;325;NNN;SSIRET;SUPPLIER_SIRET;Seller Siret
darty2.tiff;1;1;2480;3508;47182;1652;3008;81;33;1652;3008;1733;3008;1733;3041;1652;3041;68631;NNNNN;SSIRET;SUPPLIER_SIRET;Seller Siret
darty2.tiff;1;1;2480;3508;47183;1733;3008;0;33;1733;3008;1733;3008;1733;3041;1733;3041;;;undefined;OTHER;OTHER
darty2.tiff;1;1;2480;3508;47184;1741;3008;9;33;1741;3008;1750;3008;1750;3041;1741;3041;-;S;undefined;OTHER;OTHER
darty2.tiff;1;1;2480;3508;47185;1759;3008;58;33;1759;3008;1817;3008;1817;3041;1759;3041;NAF;AAA;undefined;OTHER;OTHER
darty2.tiff;1;1;2480;3508;47186;685;3045;106;33;685;3045;791;3045;791;3078;685;3078;Adresse;AAAAAAA;SA;SUPPLIER_ADDRESS;Seller Address
darty2.tiff;1;1;2480;3508;47187;800;3045;8;33;800;3045;808;3045;808;3078;800;3078;:;S;SA;SUPPLIER_ADDRESS;Seller Address
darty2.tiff;1;1;2480;3508;47188;816;3045;32;33;816;3045;848;3045;848;3078;816;3078;14;NN;SA;SUPPLIER_ADDRESS;Seller Address
darty2.tiff;1;1;2480;3508;47189;856;3045;119;33;856;3045;975;3045;975;3078;856;3078;AVENUE;AAAAAA;SA;SUPPLIER_ADDRESS;Seller Address
darty2.tiff;1;1;2480;3508;47190;984;3045;42;33;984;3045;1026;3045;1026;3078;984;3078;DU;AA;SA;SUPPLIER_ADDRESS;Seller Address
darty2.tiff;1;1;2480;3508;47191;1035;3045;85;33;1035;3045;1120;3045;1120;3078;1035;3078;MONT;AAAA;SA;SUPPLIER_ADDRESS;Seller Address
darty2.tiff;1;1;2480;3508;47192;1129;3045;142;33;1129;3045;1271;3045;1271;3078;1129;3078;PACCARD;AAAAAAA;SA;SUPPLIER_ADDRESS;Seller Address
darty2.tiff;1;1;2480;3508;47193;1279;3045;0;33;1279;3045;1279;3045;1279;3078;1279;3078;;;undefined;OTHER;OTHER
darty2.tiff;1;1;2480;3508;47194;1287;3045;9;33;1287;3045;1296;3045;1296;3078;1287;3078;-;S;undefined;OTHER;OTHER
darty2.tiff;1;1;2480;3508;47195;1305;3045;81;33;1305;3045;1386;3045;1386;3078;1305;3078;74170;NNNNN;SA;SUPPLIER_ADDRESS;Seller Address
darty2.tiff;1;1;2480;3508;47196;1394;3045;9;33;1394;3045;1403;3045;1403;3078;1394;3078;-;S;SA;SUPPLIER_ADDRESS;Seller Address
darty2.tiff;1;1;2480;3508;47197;1412;3045;85;33;1412;3045;1497;3045;1497;3078;1412;3078;SAINT;AAAAA;SA;SUPPLIER_ADDRESS;Seller Address
darty2.tiff;1;1;2480;3508;47198;1506;3045;129;33;1506;3045;1635;3045;1635;3078;1506;3078;GERVAIS;AAAAAAA;SA;SUPPLIER_ADDRESS;Seller Address
darty2.tiff;1;1;2480;3508;47199;1644;3045;55;33;1644;3045;1699;3045;1699;3078;1644;3078;LES;AAA;SA;SUPPLIER_ADDRESS;Seller Address
darty2.tiff;1;1;2480;3508;47200;1707;3045;87;33;1707;3045;1794;3045;1794;3078;1707;3078;BAINS;AAAAA;SA;SUPPLIER_ADDRESS;Seller Address
darty2.tiff;1;1;2480;3508;47201;953;3083;32;33;953;3083;985;3083;985;3116;953;3116;N°;AS;undefined;OTHER;OTHER
darty2.tiff;1;1;2480;3508;47202;994;3083;257;33;994;3083;1251;3083;1251;3116;994;3116;intracommunautaire;AAAAAAAAAAAAAAAAAA;undefined;OTHER;OTHER
darty2.tiff;1;1;2480;3508;47203;1260;3083;8;33;1260;3083;1268;3083;1268;3116;1260;3116;:;S;undefined;OTHER;OTHER
darty2.tiff;1;1;2480;3508;47204;1276;3083;38;33;1276;3083;1314;3083;1314;3116;1276;3116;FR;AA;SVAT;SUPPLIER_VAT;Seller Vat Number/TVA
darty2.tiff;1;1;2480;3508;47205;1323;3083;32;33;1323;3083;1355;3083;1355;3116;1323;3116;85;NN;SVAT;SUPPLIER_VAT;Seller Vat Number/TVA
darty2.tiff;1;1;2480;3508;47206;1364;3083;48;33;1364;3083;1412;3083;1412;3116;1364;3116;361;NNN;SVAT;SUPPLIER_VAT;Seller Vat Number/TVA
darty2.tiff;1;1;2480;3508;47207;1421;3083;48;33;1421;3083;1469;3083;1469;3116;1421;3116;731;NNN;SVAT;SUPPLIER_VAT;Seller Vat Number/TVA
darty2.tiff;1;1;2480;3508;47208;1477;3083;48;33;1477;3083;1525;3083;1525;3116;1477;3116;325;NNN;SVAT;SUPPLIER_VAT;Seller Vat Number/TVA
darty2.tiff;1;1;2480;3508;47209;677;3120;82;33;677;3120;759;3120;759;3153;677;3153;Notice;AAAAAA;undefined;OTHER;OTHER
darty2.tiff;1;1;2480;3508;47210;768;3120;105;33;768;3120;873;3120;873;3153;768;3153;officielle;AAAAAAAAAA;undefined;OTHER;OTHER
darty2.tiff;1;1;2480;3508;47211;881;3120;166;33;881;3120;1047;3120;1047;3153;881;3153;d'information;ASAAAAAAAAAAA;undefined;OTHER;OTHER
darty2.tiff;1;1;2480;3508;47212;1055;3120;40;33;1055;3120;1095;3120;1095;3153;1055;3153;sur;AAA;undefined;OTHER;OTHER
darty2.tiff;1;1;2480;3508;47213;1104;3120;22;33;1104;3120;1126;3120;1126;3153;1104;3153;la;AA;undefined;OTHER;OTHER
darty2.tiff;1;1;2480;3508;47214;1135;3120;69;33;1135;3120;1204;3120;1204;3153;1135;3153;copie;AAAAA;undefined;OTHER;OTHER
darty2.tiff;1;1;2480;3508;47215;1212;3120;79;33;1212;3120;1291;3120;1291;3153;1212;3153;privée;AAAAAA;undefined;OTHER;OTHER
darty2.tiff;1;1;2480;3508;47216;1300;3120;8;33;1300;3120;1308;3120;1308;3153;1300;3153;:;S;undefined;OTHER;OTHER
darty2.tiff;1;1;2480;3508;47217;1316;3120;486;33;1316;3120;1802;3120;1802;3153;1316;3153;http://www.copieprivee.culture.gouv.fr;AAAASSSAAASAAAAAAAAAAASAAAAAAASAAAASAA;undefined;OTHER;OTHER
darty2.tiff;1;1;2480;3508;47218;586;3158;376;33;586;3158;962;3158;962;3191;586;3191;Remboursement/exoneration;AAAAAAAAAAAAASAAAAAAAAAAA;undefined;OTHER;OTHER
darty2.tiff;1;1;2480;3508;47219;970;3158;32;33;970;3158;1002;3158;1002;3191;970;3191;de;AA;undefined;OTHER;OTHER
darty2.tiff;1;1;2480;3508;47220;1010;3158;22;33;1010;3158;1032;3158;1032;3191;1010;3191;la;AA;undefined;OTHER;OTHER
darty2.tiff;1;1;2480;3508;47221;1041;3158;171;33;1041;3158;1212;3158;1212;3191;1041;3191;rénumeration;AAAAAAAAAAAA;undefined;OTHER;OTHER
darty2.tiff;1;1;2480;3508;47222;1221;3158;58;33;1221;3158;1279;3158;1279;3191;1221;3191;pour;AAAA;undefined;OTHER;OTHER
darty2.tiff;1;1;2480;3508;47223;1287;3158;79;33;1287;3158;1366;3158;1366;3191;1287;3191;usage;AAAAA;undefined;OTHER;OTHER
darty2.tiff;1;1;2480;3508;47224;1375;3158;173;33;1375;3158;1548;3158;1548;3191;1375;3191;professionnel;AAAAAAAAAAAAA;undefined;OTHER;OTHER
darty2.tiff;1;1;2480;3508;47225;1557;3158;8;33;1557;3158;1565;3158;1565;3191;1557;3191;:;S;undefined;OTHER;OTHER
darty2.tiff;1;1;2480;3508;47226;1573;3158;320;33;1573;3158;1893;3158;1893;3191;1573;3191;http://www.copiefrance.fr;AAAASSSAAASAAAAAAAAAAASAA;undefined;OTHER;OTHER
