src;num_pages;page_id;page_width;page_height;id;col;row;width;height;x1;y1;x2;y2;x3;y3;x4;y4;contents;contents_masked;correctclass;tag;description
ldlc63.tiff;1;1;2480;3508;18872;1757;4;172;43;1757;4;1929;4;1929;47;1757;47;Référence;AAAAAAAAA;undefined;OTHER;OTHER
ldlc63.tiff;1;1;2480;3508;18873;1941;4;20;43;1941;4;1961;4;1961;47;1941;47;à;A;undefined;OTHER;OTHER
ldlc63.tiff;1;1;2480;3508;18874;1972;4;137;43;1972;4;2109;4;2109;47;1972;47;rappeler;AAAAAAAA;undefined;OTHER;OTHER
ldlc63.tiff;1;1;2480;3508;18875;2120;4;60;43;2120;4;2180;4;2180;47;2120;47;lors;AAAA;undefined;OTHER;OTHER
ldlc63.tiff;1;1;2480;3508;18876;2191;4;41;43;2191;4;2232;4;2232;47;2191;47;du;AA;undefined;OTHER;OTHER
ldlc63.tiff;1;1;2480;3508;18877;2243;4;166;43;2243;4;2409;4;2409;47;2243;47;réglement;AAAAAAAAA;undefined;OTHER;OTHER
ldlc63.tiff;1;1;2480;3508;18878;1757;46;172;43;1757;46;1929;46;1929;89;1757;89;Référence;AAAAAAAAA;undefined;OTHER;OTHER
ldlc63.tiff;1;1;2480;3508;18879;1941;46;41;43;1941;46;1982;46;1982;89;1941;89;de;AA;undefined;OTHER;OTHER
ldlc63.tiff;1;1;2480;3508;18880;1993;46;87;43;1993;46;2080;46;2080;89;1993;89;client;AAAAAA;undefined;OTHER;OTHER
ldlc63.tiff;1;1;2480;3508;18889;2153;46;212;44;2153;46;2365;46;2365;90;2153;90;855-559-130;NNNSNNNSNNN;CNUM;CLIENT_NUMBER;Client Number
ldlc63.tiff;1;1;2480;3508;18881;1757;89;172;43;1757;89;1929;89;1929;132;1757;132;Référence;AAAAAAAAA;undefined;OTHER;OTHER
ldlc63.tiff;1;1;2480;3508;18882;1941;89;41;43;1941;89;1982;89;1982;132;1941;132;de;AA;undefined;OTHER;OTHER
ldlc63.tiff;1;1;2480;3508;18883;1993;89;29;43;1993;89;2022;89;2022;132;1993;132;la;AA;undefined;OTHER;OTHER
ldlc63.tiff;1;1;2480;3508;18884;2032;89;114;43;2032;89;2146;89;2146;132;2032;132;facture;AAAAAAA;undefined;OTHER;OTHER
ldlc63.tiff;1;1;2480;3508;18890;2153;90;296;44;2153;90;2449;90;2449;134;2153;134;092-67739-15377;NNNSNNNNNSNNNNN;IN;INVOICE_NUMBER;Invoice Number
ldlc63.tiff;1;1;2480;3508;18885;1757;132;79;43;1757;132;1836;132;1836;175;1757;175;Date;AAAA;undefined;OTHER;OTHER
ldlc63.tiff;1;1;2480;3508;18886;1847;132;41;43;1847;132;1888;132;1888;175;1847;175;de;AA;undefined;OTHER;OTHER
ldlc63.tiff;1;1;2480;3508;18887;1899;132;29;43;1899;132;1928;132;1928;175;1899;175;la;AA;undefined;OTHER;OTHER
ldlc63.tiff;1;1;2480;3508;18888;1939;132;114;43;1939;132;2053;132;2053;175;1939;175;facture;AAAAAAA;undefined;OTHER;OTHER
ldlc63.tiff;1;1;2480;3508;18891;2153;135;145;44;2153;135;2298;135;2298;179;2153;179;26/12/86;NNSNNSNN;IDATE;INVOICE_DATE;Invoice Date
ldlc63.tiff;1;1;2480;3508;18892;1615;246;172;43;1615;246;1787;246;1787;289;1615;289;Référence;AAAAAAAAA;undefined;OTHER;OTHER
ldlc63.tiff;1;1;2480;3508;18893;1798;246;41;43;1798;246;1839;246;1839;289;1798;289;de;AA;undefined;OTHER;OTHER
ldlc63.tiff;1;1;2480;3508;18894;1850;246;29;43;1850;246;1879;246;1879;289;1850;289;la;AA;undefined;OTHER;OTHER
ldlc63.tiff;1;1;2480;3508;18895;1890;246;114;43;1890;246;2004;246;2004;289;1890;289;facture;AAAAAAA;undefined;OTHER;OTHER
ldlc63.tiff;1;1;2480;3508;18919;2138;246;296;44;2138;246;2434;246;2434;290;2138;290;092-67739-15377;NNNSNNNNNSNNNNN;IN;INVOICE_NUMBER;Invoice Number
ldlc63.tiff;1;1;2480;3508;18896;1615;310;79;43;1615;310;1694;310;1694;353;1615;353;Date;AAAA;undefined;OTHER;OTHER
ldlc63.tiff;1;1;2480;3508;18897;1704;310;41;43;1704;310;1745;310;1745;353;1704;353;de;AA;undefined;OTHER;OTHER
ldlc63.tiff;1;1;2480;3508;18898;1756;310;29;43;1756;310;1785;310;1785;353;1756;353;la;AA;undefined;OTHER;OTHER
ldlc63.tiff;1;1;2480;3508;18899;1796;310;114;43;1796;310;1910;310;1910;353;1796;353;facture;AAAAAAA;undefined;OTHER;OTHER
ldlc63.tiff;1;1;2480;3508;18920;2138;311;145;44;2138;311;2283;311;2283;355;2138;355;26/12/86;NNSNNSNN;IDATE;INVOICE_DATE;Invoice Date
ldlc63.tiff;1;1;2480;3508;18808;83;354;13;28;83;354;96;354;96;382;83;382;4;N;SA;SUPPLIER_ADDRESS;Seller Address
ldlc63.tiff;1;1;2480;3508;18809;104;354;52;28;104;354;156;354;156;382;104;382;RUE;AAA;SA;SUPPLIER_ADDRESS;Seller Address
ldlc63.tiff;1;1;2480;3508;18810;163;354;34;28;163;354;197;354;197;382;163;382;DE;AA;SA;SUPPLIER_ADDRESS;Seller Address
ldlc63.tiff;1;1;2480;3508;18811;205;354;30;28;205;354;235;354;235;382;205;382;LA;AA;SA;SUPPLIER_ADDRESS;Seller Address
ldlc63.tiff;1;1;2480;3508;18812;243;354;105;28;243;354;348;354;348;382;243;382;TOURRE;AAAAAA;SA;SUPPLIER_ADDRESS;Seller Address
ldlc63.tiff;1;1;2480;3508;18813;355;354;6;28;355;354;361;354;361;382;355;382;,;S;undefined;OTHER;OTHER
ldlc63.tiff;1;1;2480;3508;18814;369;354;69;28;369;354;438;354;438;382;369;382;66530;NNNNN;SA;SUPPLIER_ADDRESS;Seller Address
ldlc63.tiff;1;1;2480;3508;18815;445;354;8;28;445;354;453;354;453;382;445;382;-;S;SA;SUPPLIER_ADDRESS;Seller Address
ldlc63.tiff;1;1;2480;3508;18816;461;354;90;28;461;354;551;354;551;382;461;382;CLAIRA;AAAAAA;SA;SUPPLIER_ADDRESS;Seller Address
ldlc63.tiff;1;1;2480;3508;18900;1615;374;172;43;1615;374;1787;374;1787;417;1615;417;Référence;AAAAAAAAA;undefined;OTHER;OTHER
ldlc63.tiff;1;1;2480;3508;18901;1798;374;41;43;1798;374;1839;374;1839;417;1798;417;de;AA;undefined;OTHER;OTHER
ldlc63.tiff;1;1;2480;3508;18902;1850;374;87;43;1850;374;1937;374;1937;417;1850;417;client;AAAAAA;undefined;OTHER;OTHER
ldlc63.tiff;1;1;2480;3508;18921;2138;377;212;43;2138;377;2350;377;2350;420;2138;420;855-559-130;NNNSNNNSNNN;CNUM;CLIENT_NUMBER;Client Number
ldlc63.tiff;1;1;2480;3508;18817;83;421;88;28;83;421;171;421;171;449;83;449;Numéro;AAAAAA;undefined;OTHER;OTHER
ldlc63.tiff;1;1;2480;3508;18818;179;421;41;28;179;421;220;421;220;449;179;449;non;AAA;undefined;OTHER;OTHER
ldlc63.tiff;1;1;2480;3508;18819;227;421;81;28;227;421;308;421;308;449;227;449;surtaxé;AAAAAAA;undefined;OTHER;OTHER
ldlc63.tiff;1;1;2480;3508;18820;316;421;27;28;316;421;343;421;343;449;316;449;du;AA;undefined;OTHER;OTHER
ldlc63.tiff;1;1;2480;3508;18821;351;421;83;28;351;421;434;421;434;449;351;449;Service;AAAAAAA;undefined;OTHER;OTHER
ldlc63.tiff;1;1;2480;3508;18822;441;421;63;28;441;421;504;421;504;449;441;449;Client;AAAAAA;undefined;OTHER;OTHER
ldlc63.tiff;1;1;2480;3508;18823;512;421;6;28;512;421;518;421;518;449;512;449;:;S;undefined;OTHER;OTHER
ldlc63.tiff;1;1;2480;3508;18824;526;421;172;28;526;421;698;421;698;449;526;449;05-76-77-96-09;NNSNNSNNSNNSNN;SCN;SUPPLIER_CONTACT_NUMBER;Seller Contact Number
ldlc63.tiff;1;1;2480;3508;18903;1615;438;172;43;1615;438;1787;438;1787;481;1615;481;Référence;AAAAAAAAA;undefined;OTHER;OTHER
ldlc63.tiff;1;1;2480;3508;18904;1798;438;41;43;1798;438;1839;438;1839;481;1798;481;de;AA;undefined;OTHER;OTHER
ldlc63.tiff;1;1;2480;3508;18905;1850;438;29;43;1850;438;1879;438;1879;481;1850;481;la;AA;undefined;OTHER;OTHER
ldlc63.tiff;1;1;2480;3508;18906;1890;438;185;43;1890;438;2075;438;2075;481;1890;481;commande;AAAAAAAA;undefined;OTHER;OTHER
ldlc63.tiff;1;1;2480;3508;18922;2138;441;137;44;2138;441;2275;441;2275;485;2138;485;000-070;NNNSNNN;ONUM;ORDER_NUMBER;Order Number
ldlc63.tiff;1;1;2480;3508;18825;83;449;59;28;83;449;142;449;142;477;83;477;Votre;AAAAA;undefined;OTHER;OTHER
ldlc63.tiff;1;1;2480;3508;18826;150;449;84;28;150;449;234;449;234;477;150;477;numéro;AAAAAA;undefined;OTHER;OTHER
ldlc63.tiff;1;1;2480;3508;18827;241;449;27;28;241;449;268;449;268;477;241;477;de;AA;undefined;OTHER;OTHER
ldlc63.tiff;1;1;2480;3508;18828;276;449;123;28;276;449;399;449;399;477;276;477;commande;AAAAAAAA;undefined;OTHER;OTHER
ldlc63.tiff;1;1;2480;3508;18829;407;449;52;28;407;449;459;449;459;477;407;477;vous;AAAA;undefined;OTHER;OTHER
ldlc63.tiff;1;1;2480;3508;18830;466;449;48;28;466;449;514;449;514;477;466;477;sera;AAAA;undefined;OTHER;OTHER
ldlc63.tiff;1;1;2480;3508;18831;522;449;104;28;522;449;626;449;626;477;522;477;demandé;AAAAAAA;undefined;OTHER;OTHER
ldlc63.tiff;1;1;2480;3508;18832;633;449;50;28;633;449;683;449;683;477;633;477;pour;AAAA;undefined;OTHER;OTHER
ldlc63.tiff;1;1;2480;3508;18833;690;449;41;28;690;449;731;449;731;477;690;477;tout;AAAA;undefined;OTHER;OTHER
ldlc63.tiff;1;1;2480;3508;18834;739;449;61;28;739;449;800;449;800;477;739;477;appel;AAAAA;undefined;OTHER;OTHER
ldlc63.tiff;1;1;2480;3508;18907;1615;503;58;43;1615;503;1673;503;1673;546;1615;546;Ref;AAA;undefined;OTHER;OTHER
ldlc63.tiff;1;1;2480;3508;18908;1683;503;95;43;1683;503;1778;503;1778;546;1683;546;Client;AAAAAA;undefined;OTHER;OTHER
ldlc63.tiff;1;1;2480;3508;18909;1790;503;10;43;1790;503;1800;503;1800;546;1790;546;:;S;undefined;OTHER;OTHER
ldlc63.tiff;1;1;2480;3508;18835;83;516;113;28;83;516;196;516;196;544;83;544;Retrouvez;AAAAAAAAA;undefined;OTHER;OTHER
ldlc63.tiff;1;1;2480;3508;18836;204;516;117;28;204;516;321;516;321;544;204;544;l'ensemblz;ASAAAAAAAA;undefined;OTHER;OTHER
ldlc63.tiff;1;1;2480;3508;18837;328;516;27;28;328;516;355;516;355;544;328;544;de;AA;undefined;OTHER;OTHER
ldlc63.tiff;1;1;2480;3508;18838;363;516;40;28;363;516;403;516;403;544;363;544;nos;AAA;undefined;OTHER;OTHER
ldlc63.tiff;1;1;2480;3508;18839;410;516;144;28;410;516;554;516;554;544;410;544;coordonnées;AAAAAAAAAAA;undefined;OTHER;OTHER
ldlc63.tiff;1;1;2480;3508;18840;561;516;34;28;561;516;595;516;595;544;561;544;sur;AAA;undefined;OTHER;OTHER
ldlc63.tiff;1;1;2480;3508;18841;603;516;56;28;603;516;659;516;659;544;603;544;notre;AAAAA;undefined;OTHER;OTHER
ldlc63.tiff;1;1;2480;3508;18842;667;516;38;28;667;516;705;516;705;544;667;544;site;AAAA;undefined;OTHER;OTHER
ldlc63.tiff;1;1;2480;3508;18843;713;516;6;28;713;516;719;516;719;544;713;544;,;S;undefined;OTHER;OTHER
ldlc63.tiff;1;1;2480;3508;18844;727;516;91;28;727;516;818;516;818;544;727;544;rubrique;AAAAAAAA;undefined;OTHER;OTHER
ldlc63.tiff;1;1;2480;3508;18845;825;516;85;28;825;516;910;516;910;544;825;544;"""Besoin";SAAAAAA;undefined;OTHER;OTHER
ldlc63.tiff;1;1;2480;3508;18846;918;516;74;28;918;516;992;516;992;544;918;544;"d'aide""";ASAAAAS;undefined;OTHER;OTHER
ldlc63.tiff;1;1;2480;3508;18910;1615;567;225;43;1615;567;1840;567;1840;610;1615;610;Representant;AAAAAAAAAAAA;undefined;OTHER;OTHER
ldlc63.tiff;1;1;2480;3508;18911;1850;567;10;43;1850;567;1860;567;1860;610;1850;610;:;S;undefined;OTHER;OTHER
ldlc63.tiff;1;1;2480;3508;18923;2138;571;187;43;2138;571;2325;571;2325;614;2138;614;INTERNET;AAAAAAAA;undefined;OTHER;OTHER
ldlc63.tiff;1;1;2480;3508;18912;1615;631;42;43;1615;631;1657;631;1657;674;1615;674;N°;AS;undefined;OTHER;OTHER
ldlc63.tiff;1;1;2480;3508;18913;1667;631;75;43;1667;631;1742;631;1742;674;1667;674;Intra;AAAAA;undefined;OTHER;OTHER
ldlc63.tiff;1;1;2480;3508;18914;1753;631;110;43;1753;631;1863;631;1863;674;1753;674;Comm;AAAA;undefined;OTHER;OTHER
ldlc63.tiff;1;1;2480;3508;18915;1873;631;10;43;1873;631;1883;631;1883;674;1873;674;:;S;undefined;OTHER;OTHER
ldlc63.tiff;1;1;2480;3508;18916;1615;695;42;43;1615;695;1657;695;1657;738;1615;738;N°;AS;undefined;OTHER;OTHER
ldlc63.tiff;1;1;2480;3508;18917;1667;695;77;43;1667;695;1744;695;1744;738;1667;738;Siret;AAAAA;undefined;OTHER;OTHER
ldlc63.tiff;1;1;2480;3508;18918;1755;695;10;43;1755;695;1765;695;1765;738;1755;738;:;S;undefined;OTHER;OTHER
ldlc63.tiff;1;1;2480;3508;18847;927;731;625;312;927;731;1552;731;1552;1043;927;1043;;;img;IMAGE;Image
ldlc63.tiff;1;1;2480;3508;18848;116;781;104;44;116;781;220;781;220;825;116;825;Client;AAAAAA;undefined;OTHER;OTHER
ldlc63.tiff;1;1;2480;3508;18849;231;781;77;44;231;781;308;781;308;825;231;825;livré;AAAAA;undefined;OTHER;OTHER
ldlc63.tiff;1;1;2480;3508;18850;318;781;12;44;318;781;330;781;330;825;318;825;:;S;undefined;OTHER;OTHER
ldlc63.tiff;1;1;2480;3508;18860;1560;781;104;44;1560;781;1664;781;1664;825;1560;825;Client;AAAAAA;undefined;OTHER;OTHER
ldlc63.tiff;1;1;2480;3508;18861;1675;781;135;44;1675;781;1810;781;1810;825;1675;825;Facturé;AAAAAAA;undefined;OTHER;OTHER
ldlc63.tiff;1;1;2480;3508;18862;1821;781;12;44;1821;781;1833;781;1833;825;1821;825;:;S;undefined;OTHER;OTHER
ldlc63.tiff;1;1;2480;3508;18851;116;826;162;43;116;826;278;826;278;869;116;869;GABRIEL;AAAAAAA;BN;BILLING_NAME;Billing Name
ldlc63.tiff;1;1;2480;3508;18852;289;826;158;43;289;826;447;826;447;869;289;869;RENAUD;AAAAAA;BN;BILLING_NAME;Billing Name
ldlc63.tiff;1;1;2480;3508;18863;1560;826;162;43;1560;826;1722;826;1722;869;1560;869;GABRIEL;AAAAAAA;SHN;SHIPPING_NAME;Shipping Name
ldlc63.tiff;1;1;2480;3508;18864;1733;826;158;43;1733;826;1891;826;1891;869;1733;869;RENAUD;AAAAAA;SHN;SHIPPING_NAME;Shipping Name
ldlc63.tiff;1;1;2480;3508;18853;116;869;52;43;116;869;168;869;168;912;116;912;16,;NNS;BA;BILLING_ADDRESS;Billing Address
ldlc63.tiff;1;1;2480;3508;18854;179;869;154;43;179;869;333;869;333;912;179;912;AVENUE;AAAAAA;BA;BILLING_ADDRESS;Billing Address
ldlc63.tiff;1;1;2480;3508;18855;343;869;77;43;343;869;420;869;420;912;343;912;DES;AAA;BA;BILLING_ADDRESS;Billing Address
ldlc63.tiff;1;1;2480;3508;18856;431;869;245;43;431;869;676;869;676;912;431;912;PARIGAUDES;AAAAAAAAAA;BA;BILLING_ADDRESS;Billing Address
ldlc63.tiff;1;1;2480;3508;18865;1560;869;52;43;1560;869;1612;869;1612;912;1560;912;16,;NNS;SHA;SHIPPING_ADDRESS;Shipping Address
ldlc63.tiff;1;1;2480;3508;18866;1623;869;154;43;1623;869;1777;869;1777;912;1623;912;AVENUE;AAAAAA;SHA;SHIPPING_ADDRESS;Shipping Address
ldlc63.tiff;1;1;2480;3508;18867;1788;869;77;43;1788;869;1865;869;1865;912;1788;912;DES;AAA;SHA;SHIPPING_ADDRESS;Shipping Address
ldlc63.tiff;1;1;2480;3508;18868;1875;869;245;43;1875;869;2120;869;2120;912;1875;912;PARIGAUDES;AAAAAAAAAA;SHA;SHIPPING_ADDRESS;Shipping Address
ldlc63.tiff;1;1;2480;3508;18857;116;913;104;43;116;913;220;913;220;956;116;956;28300;NNNNN;BA;BILLING_ADDRESS;Billing Address
ldlc63.tiff;1;1;2480;3508;18858;231;913;100;43;231;913;331;913;331;956;231;956;JOUY;AAAA;BA;BILLING_ADDRESS;Billing Address
ldlc63.tiff;1;1;2480;3508;18869;1560;913;104;43;1560;913;1664;913;1664;956;1560;956;28300;NNNNN;SHA;SHIPPING_ADDRESS;Shipping Address
ldlc63.tiff;1;1;2480;3508;18870;1675;913;100;43;1675;913;1775;913;1775;956;1675;956;JOUY;AAAA;SHA;SHIPPING_ADDRESS;Shipping Address
ldlc63.tiff;1;1;2480;3508;18859;116;956;154;43;116;956;270;956;270;999;116;999;FRANCE;AAAAAA;BA;BILLING_ADDRESS;Billing Address
ldlc63.tiff;1;1;2480;3508;18871;1560;956;154;43;1560;956;1714;956;1714;999;1560;999;FRANCE;AAAAAA;SHA;SHIPPING_ADDRESS;Shipping Address
ldlc63.tiff;1;1;2480;3508;18924;1115;1044;296;43;1115;1044;1411;1044;1411;1087;1115;1087;092-67739-15377;NNNSNNNNNSNNNNN;IN;INVOICE_NUMBER;Invoice Number
ldlc63.tiff;1;1;2480;3508;18944;2188;1135;87;44;2188;1135;2275;1135;2275;1179;2188;1179;page;AAAA;undefined;OTHER;OTHER
ldlc63.tiff;1;1;2480;3508;18945;2286;1135;52;44;2286;1135;2338;1135;2338;1179;2286;1179;1/1;NSN;undefined;OTHER;OTHER
ldlc63.tiff;1;1;2480;3508;18925;104;1140;152;34;104;1140;256;1140;256;1174;104;1174;GARANTIE;AAAAAAAA;undefined;OTHER;OTHER
ldlc63.tiff;1;1;2480;3508;18926;264;1140;9;34;264;1140;273;1140;273;1174;264;1174;:;S;undefined;OTHER;OTHER
ldlc63.tiff;1;1;2480;3508;18927;282;1140;50;34;282;1140;332;1140;332;1174;282;1174;Les;AAA;undefined;OTHER;OTHER
ldlc63.tiff;1;1;2480;3508;18928;340;1140;137;34;340;1140;477;1140;477;1174;340;1174;étiquettes;AAAAAAAAAA;undefined;OTHER;OTHER
ldlc63.tiff;1;1;2480;3508;18929;486;1140;98;34;486;1140;584;1140;584;1174;486;1174;collées;AAAAAAA;undefined;OTHER;OTHER
ldlc63.tiff;1;1;2480;3508;18930;593;1140;45;34;593;1140;638;1140;638;1174;593;1174;sur;AAA;undefined;OTHER;OTHER
ldlc63.tiff;1;1;2480;3508;18931;647;1140;40;34;647;1140;687;1140;687;1174;647;1174;les;AAA;undefined;OTHER;OTHER
ldlc63.tiff;1;1;2480;3508;18932;695;1140;90;34;695;1140;785;1140;785;1174;695;1174;pièces;AAAAAA;undefined;OTHER;OTHER
ldlc63.tiff;1;1;2480;3508;18933;794;1140;100;34;794;1140;894;1140;894;1174;794;1174;neuves;AAAAAA;undefined;OTHER;OTHER
ldlc63.tiff;1;1;2480;3508;18934;903;1140;61;34;903;1140;964;1140;964;1174;903;1174;sont;AAAA;undefined;OTHER;OTHER
ldlc63.tiff;1;1;2480;3508;18935;972;1140;150;34;972;1140;1122;1140;1122;1174;972;1174;nécessaire;AAAAAAAAAA;undefined;OTHER;OTHER
ldlc63.tiff;1;1;2480;3508;18936;1131;1140;64;34;1131;1140;1195;1140;1195;1174;1131;1174;pour;AAAA;undefined;OTHER;OTHER
ldlc63.tiff;1;1;2480;3508;18937;1204;1140;24;34;1204;1140;1228;1140;1228;1174;1204;1174;la;AA;undefined;OTHER;OTHER
ldlc63.tiff;1;1;2480;3508;18938;1237;1140;121;34;1237;1140;1358;1140;1358;1174;1237;1174;garantie.;AAAAAAAAS;undefined;OTHER;OTHER
ldlc63.tiff;1;1;2480;3508;18939;1366;1140;50;34;1366;1140;1416;1140;1416;1174;1366;1174;Les;AAA;undefined;OTHER;OTHER
ldlc63.tiff;1;1;2480;3508;18940;1425;1140;158;34;1425;1140;1583;1140;1583;1174;1425;1174;emballages;AAAAAAAAAA;undefined;OTHER;OTHER
ldlc63.tiff;1;1;2480;3508;18941;1592;1140;103;34;1592;1140;1695;1140;1695;1174;1592;1174;doivent;AAAAAAA;undefined;OTHER;OTHER
ldlc63.tiff;1;1;2480;3508;18942;1704;1140;53;34;1704;1140;1757;1140;1757;1174;1704;1174;être;AAAA;undefined;OTHER;OTHER
ldlc63.tiff;1;1;2480;3508;18943;1765;1140;144;34;1765;1140;1909;1140;1909;1174;1765;1174;conservés;AAAAAAAAA;undefined;OTHER;OTHER
ldlc63.tiff;1;1;2480;3508;18946;112;1225;83;39;112;1225;195;1225;195;1264;112;1264;Code;AAAA;undefined;OTHER;OTHER
ldlc63.tiff;1;1;2480;3508;18947;404;1225;190;39;404;1225;594;1225;594;1264;404;1264;Designation;AAAAAAAAAAA;undefined;OTHER;OTHER
ldlc63.tiff;1;1;2480;3508;18948;1279;1225;55;39;1279;1225;1334;1225;1334;1264;1279;1264;Qté;AAA;undefined;OTHER;OTHER
ldlc63.tiff;1;1;2480;3508;18949;1395;1225;40;39;1395;1225;1435;1225;1435;1264;1395;1264;Px;AA;undefined;OTHER;OTHER
ldlc63.tiff;1;1;2480;3508;18950;1445;1225;74;39;1445;1225;1519;1225;1519;1264;1445;1264;Unit.;AAAAS;undefined;OTHER;OTHER
ldlc63.tiff;1;1;2480;3508;18951;1583;1225;72;39;1583;1225;1655;1225;1655;1264;1583;1264;Rem;AAA;undefined;OTHER;OTHER
ldlc63.tiff;1;1;2480;3508;18952;1664;1225;29;39;1664;1225;1693;1225;1693;1264;1664;1264;%;S;undefined;OTHER;OTHER
ldlc63.tiff;1;1;2480;3508;18953;1729;1225;49;39;1729;1225;1778;1225;1778;1264;1729;1264;Mtt;AAA;undefined;OTHER;OTHER
ldlc63.tiff;1;1;2480;3508;18954;1788;1225;85;39;1788;1225;1873;1225;1873;1264;1788;1264;base.;AAAAS;undefined;OTHER;OTHER
ldlc63.tiff;1;1;2480;3508;18955;1937;1225;103;39;1937;1225;2040;1225;2040;1264;1937;1264;Eco-P.;AAASAS;undefined;OTHER;OTHER
ldlc63.tiff;1;1;2480;3508;18956;2050;1225;44;39;2050;1225;2094;1225;2094;1264;2050;1264;HT;AA;undefined;OTHER;OTHER
ldlc63.tiff;1;1;2480;3508;18957;2104;1225;62;39;2104;1225;2166;1225;2166;1264;2104;1264;Uni.;AAAS;undefined;OTHER;OTHER
ldlc63.tiff;1;1;2480;3508;18958;2176;1225;51;39;2176;1225;2227;1225;2227;1264;2176;1264;Vte;AAA;undefined;OTHER;OTHER
ldlc63.tiff;1;1;2480;3508;18959;2270;1225;20;39;2270;1225;2290;1225;2290;1264;2270;1264;T;A;undefined;OTHER;OTHER
ldlc63.tiff;1;1;2480;3508;18960;112;1306;240;38;112;1306;352;1306;352;1344;112;1344;7332543371396;NNNNNNNNNNNNN;SNO;SNO;SNO
ldlc63.tiff;1;1;2480;3508;18961;404;1306;105;38;404;1306;509;1306;509;1344;404;1344;TABLE;AAAAA;PD;PRODUCT_DESCRIPTION;Product Description
ldlc63.tiff;1;1;2480;3508;18962;519;1306;185;38;519;1306;704;1306;704;1344;519;1344;INDUCTION;AAAAAAAAA;PD;PRODUCT_DESCRIPTION;Product Description
ldlc63.tiff;1;1;2480;3508;18963;713;1306;222;38;713;1306;935;1306;935;1344;713;1344;ELECTROLUX;AAAAAAAAAA;PD;PRODUCT_DESCRIPTION;Product Description
ldlc63.tiff;1;1;2480;3508;18964;945;1306;213;38;945;1306;1158;1306;1158;1344;945;1344;EHX8H10FBK;AAANANNAAA;PD;PRODUCT_DESCRIPTION;Product Description
ldlc63.tiff;1;1;2480;3508;18965;1279;1306;46;38;1279;1306;1325;1306;1325;1344;1279;1344;2.0;NSN;QTY;QUANTITY;Quantity
ldlc63.tiff;1;1;2480;3508;18966;1395;1306;139;38;1395;1306;1534;1306;1534;1344;1395;1344;1499.167;NNNNSNNN;UP;UNIT_PRICE;Unit Price Without Tax
ldlc63.tiff;1;1;2480;3508;18967;1583;1306;46;38;1583;1306;1629;1306;1629;1344;1583;1344;0.0;NSN;undefined;OTHER;OTHER
ldlc63.tiff;1;1;2480;3508;18968;1729;1306;139;38;1729;1306;1868;1306;1868;1344;1729;1344;2998.334;NNNNSNNN;PTWTX;PRODUCT_TOTAL_PRICE_WITHOUT_TAX;Product Total Price without TAX
ldlc63.tiff;1;1;2480;3508;18969;1937;1306;46;38;1937;1306;1983;1306;1983;1344;1937;1344;0.0;NSN;undefined;OTHER;OTHER
ldlc63.tiff;1;1;2480;3508;18970;2104;1306;53;38;2104;1306;2157;1306;2157;1344;2104;1344;PIE;AAA;undefined;OTHER;OTHER
ldlc63.tiff;1;1;2480;3508;18971;2262;1306;18;38;2262;1306;2280;1306;2280;1344;2262;1344;4;N;undefined;OTHER;OTHER
ldlc63.tiff;1;1;2480;3508;18972;112;1386;240;38;112;1386;352;1386;352;1424;112;1424;4260505538057;NNNNNNNNNNNNN;SNO;SNO;SNO
ldlc63.tiff;1;1;2480;3508;18973;404;1386;153;38;404;1386;557;1386;557;1424;404;1424;LOGICIEL;AAAAAAAA;PD;PRODUCT_DESCRIPTION;Product Description
ldlc63.tiff;1;1;2480;3508;18974;567;1386;46;38;567;1386;613;1386;613;1424;567;1424;DE;AA;PD;PRODUCT_DESCRIPTION;Product Description
ldlc63.tiff;1;1;2480;3508;18975;622;1386;240;38;622;1386;862;1386;862;1424;622;1424;BUREAUTIQUE;AAAAAAAAAAA;PD;PRODUCT_DESCRIPTION;Product Description
ldlc63.tiff;1;1;2480;3508;18976;872;1386;200;38;872;1386;1072;1386;1072;1424;872;1424;MICROSOFT;AAAAAAAAA;PD;PRODUCT_DESCRIPTION;Product Description
ldlc63.tiff;1;1;2480;3508;18977;1082;1386;122;38;1082;1386;1204;1386;1204;1424;1082;1424;OFFICE;AAAAAA;PD;PRODUCT_DESCRIPTION;Product Description
ldlc63.tiff;1;1;2480;3508;18978;1213;1386;55;38;1213;1386;1268;1386;1268;1424;1213;1424;365;NNN;PD;PRODUCT_DESCRIPTION;Product Description
ldlc63.tiff;1;1;2480;3508;18980;1279;1386;46;38;1279;1386;1325;1386;1325;1424;1279;1424;4.0;NSN;QTY;QUANTITY;Quantity
ldlc63.tiff;1;1;2480;3508;18981;1395;1386;83;38;1395;1386;1478;1386;1478;1424;1395;1424;83.25;NNSNN;UP;UNIT_PRICE;Unit Price Without Tax
ldlc63.tiff;1;1;2480;3508;18982;1583;1386;46;38;1583;1386;1629;1386;1629;1424;1583;1424;0.0;NSN;undefined;OTHER;OTHER
ldlc63.tiff;1;1;2480;3508;18983;1729;1386;83;38;1729;1386;1812;1386;1812;1424;1729;1424;333.0;NNNSN;PTWTX;PRODUCT_TOTAL_PRICE_WITHOUT_TAX;Product Total Price without TAX
ldlc63.tiff;1;1;2480;3508;18984;1937;1386;46;38;1937;1386;1983;1386;1983;1424;1937;1424;0.0;NSN;undefined;OTHER;OTHER
ldlc63.tiff;1;1;2480;3508;18985;2104;1386;53;38;2104;1386;2157;1386;2157;1424;2104;1424;PIE;AAA;undefined;OTHER;OTHER
ldlc63.tiff;1;1;2480;3508;18986;2262;1386;18;38;2262;1386;2280;1386;2280;1424;2262;1424;4;N;undefined;OTHER;OTHER
ldlc63.tiff;1;1;2480;3508;18979;404;1425;138;38;404;1425;542;1425;542;1463;404;1463;FAMILLE;AAAAAAA;PD;PRODUCT_DESCRIPTION;Product Description
ldlc63.tiff;1;1;2480;3508;18987;112;1505;240;38;112;1505;352;1505;352;1543;112;1543;3700539508233;NNNNNNNNNNNNN;SNO;SNO;SNO
ldlc63.tiff;1;1;2480;3508;18988;404;1505;122;38;404;1505;526;1505;526;1543;404;1543;COQUE;AAAAA;PD;PRODUCT_DESCRIPTION;Product Description
ldlc63.tiff;1;1;2480;3508;18989;535;1505;19;38;535;1505;554;1505;554;1543;535;1543;+;S;PD;PRODUCT_DESCRIPTION;Product Description
ldlc63.tiff;1;1;2480;3508;18990;564;1505;162;38;564;1505;726;1505;726;1543;564;1543;PROTÈGE;AAAAAAA;PD;PRODUCT_DESCRIPTION;Product Description
ldlc63.tiff;1;1;2480;3508;18991;736;1505;116;38;736;1505;852;1505;852;1543;736;1543;ÉCRAN;AAAAA;PD;PRODUCT_DESCRIPTION;Product Description
ldlc63.tiff;1;1;2480;3508;18992;862;1505;101;38;862;1505;963;1505;963;1543;862;1543;IBROZ;AAAAA;PD;PRODUCT_DESCRIPTION;Product Description
ldlc63.tiff;1;1;2480;3508;18993;973;1505;159;38;973;1505;1132;1505;1132;1543;973;1543;ZENFONE;AAAAAAA;PD;PRODUCT_DESCRIPTION;Product Description
ldlc63.tiff;1;1;2480;3508;18994;1142;1505;72;38;1142;1505;1214;1505;1214;1543;1142;1543;LIVE;AAAA;PD;PRODUCT_DESCRIPTION;Product Description
ldlc63.tiff;1;1;2480;3508;18996;1279;1505;46;38;1279;1505;1325;1505;1325;1543;1279;1543;1.0;NSN;QTY;QUANTITY;Quantity
ldlc63.tiff;1;1;2480;3508;18997;1395;1505;101;38;1395;1505;1496;1505;1496;1543;1395;1543;16.658;NNSNNN;UP;UNIT_PRICE;Unit Price Without Tax
ldlc63.tiff;1;1;2480;3508;18998;1583;1505;46;38;1583;1505;1629;1505;1629;1543;1583;1543;0.0;NSN;undefined;OTHER;OTHER
ldlc63.tiff;1;1;2480;3508;18999;1729;1505;101;38;1729;1505;1830;1505;1830;1543;1729;1543;16.658;NNSNNN;PTWTX;PRODUCT_TOTAL_PRICE_WITHOUT_TAX;Product Total Price without TAX
ldlc63.tiff;1;1;2480;3508;19000;1937;1505;46;38;1937;1505;1983;1505;1983;1543;1937;1543;0.0;NSN;undefined;OTHER;OTHER
ldlc63.tiff;1;1;2480;3508;19001;2104;1505;53;38;2104;1505;2157;1505;2157;1543;2104;1543;PIE;AAA;undefined;OTHER;OTHER
ldlc63.tiff;1;1;2480;3508;19002;2262;1505;18;38;2262;1505;2280;1505;2280;1543;2262;1543;4;N;undefined;OTHER;OTHER
ldlc63.tiff;1;1;2480;3508;18995;404;1543;202;38;404;1543;606;1543;606;1581;404;1581;ZB501KL+PE;AANNNAASAA;PD;PRODUCT_DESCRIPTION;Product Description
ldlc63.tiff;1;1;2480;3508;19014;1425;2475;145;44;1425;2475;1570;2475;1570;2519;1425;2519;Montant;AAAAAAA;undefined;OTHER;OTHER
ldlc63.tiff;1;1;2480;3508;19015;1581;2475;120;44;1581;2475;1701;2475;1701;2519;1581;2519;remise;AAAAAA;undefined;OTHER;OTHER
ldlc63.tiff;1;1;2480;3508;19027;2208;2475;72;43;2208;2475;2280;2475;2280;2518;2208;2518;0,00;NSNN;undefined;OTHER;OTHER
ldlc63.tiff;1;1;2480;3508;19003;112;2487;20;39;112;2487;132;2487;132;2526;112;2526;T;A;undefined;OTHER;OTHER
ldlc63.tiff;1;1;2480;3508;19004;295;2487;29;39;295;2487;324;2487;324;2526;295;2526;%;S;undefined;OTHER;OTHER
ldlc63.tiff;1;1;2480;3508;19005;334;2487;66;39;334;2487;400;2487;400;2526;334;2526;TVA;AAA;undefined;OTHER;OTHER
ldlc63.tiff;1;1;2480;3508;19006;537;2487;92;39;537;2487;629;2487;629;2526;537;2526;BASE;AAAA;undefined;OTHER;OTHER
ldlc63.tiff;1;1;2480;3508;19007;639;2487;46;39;639;2487;685;2487;685;2526;639;2526;DE;AA;undefined;OTHER;OTHER
ldlc63.tiff;1;1;2480;3508;19008;694;2487;137;39;694;2487;831;2487;831;2526;694;2526;CALCUL;AAAAAA;undefined;OTHER;OTHER
ldlc63.tiff;1;1;2480;3508;19009;912;2487;111;39;912;2487;1023;2487;1023;2526;912;2526;TOTAL;AAAAA;undefined;OTHER;OTHER
ldlc63.tiff;1;1;2480;3508;19028;2208;2518;72;43;2208;2518;2280;2518;2280;2561;2208;2561;0,00;NSNN;undefined;OTHER;OTHER
ldlc63.tiff;1;1;2480;3508;19016;1425;2519;145;44;1425;2519;1570;2519;1570;2563;1425;2563;Montant;AAAAAAA;undefined;OTHER;OTHER
ldlc63.tiff;1;1;2480;3508;19017;1581;2519;72;44;1581;2519;1653;2519;1653;2563;1581;2563;port;AAAA;undefined;OTHER;OTHER
ldlc63.tiff;1;1;2480;3508;19029;2208;2561;114;43;2208;2561;2322;2561;2322;2604;2208;2604;3347.0;NNNNSN;TWTX;TOTAL_WITHOUT_TAX;TWTXS
ldlc63.tiff;1;1;2480;3508;19018;1425;2564;145;44;1425;2564;1570;2564;1570;2608;1425;2608;Montant;AAAAAAA;undefined;OTHER;OTHER
ldlc63.tiff;1;1;2480;3508;19019;1581;2564;70;44;1581;2564;1651;2564;1651;2608;1581;2608;H.T.;ASAS;undefined;OTHER;OTHER
ldlc63.tiff;1;1;2480;3508;19010;112;2568;18;38;112;2568;130;2568;130;2606;112;2606;4;N;undefined;OTHER;OTHER
ldlc63.tiff;1;1;2480;3508;19011;295;2568;37;38;295;2568;332;2568;332;2606;295;2606;20;NN;TXR;TAX_RATE;Tax Rate
ldlc63.tiff;1;1;2480;3508;19012;537;2568;139;38;537;2568;676;2568;676;2606;537;2606;3347.992;NNNNSNNN;TTX;TOTAL_TAX;Total Tax
ldlc63.tiff;1;1;2480;3508;19013;912;2568;120;38;912;2568;1032;2568;1032;2606;912;2606;669.598;NNNSNNN;undefined;OTHER;OTHER
ldlc63.tiff;1;1;2480;3508;19030;2208;2605;72;43;2208;2605;2280;2605;2280;2648;2208;2648;0,00;NSNN;undefined;OTHER;OTHER
ldlc63.tiff;1;1;2480;3508;19020;1425;2608;85;44;1425;2608;1510;2608;1510;2652;1425;2652;Dont;AAAA;undefined;OTHER;OTHER
ldlc63.tiff;1;1;2480;3508;19021;1520;2608;302;44;1520;2608;1822;2608;1822;2652;1520;2652;eco-participation;AAASAAAAAAAAAAAAA;undefined;OTHER;OTHER
ldlc63.tiff;1;1;2480;3508;19031;2208;2648;93;43;2208;2648;2301;2648;2301;2691;2208;2691;669.0;NNNSN;TTX;TOTAL_TAX;Total Tax
ldlc63.tiff;1;1;2480;3508;19022;1425;2653;75;44;1425;2653;1500;2653;1500;2697;1425;2697;TVA;AAA;undefined;OTHER;OTHER
ldlc63.tiff;1;1;2480;3508;19032;2208;2691;114;43;2208;2691;2322;2691;2322;2734;2208;2734;4017.0;NNNNSN;TA;TOTAL_AMOUNT;Total with TAX
ldlc63.tiff;1;1;2480;3508;19023;1425;2698;145;44;1425;2698;1570;2698;1570;2742;1425;2742;Montant;AAAAAAA;undefined;OTHER;OTHER
ldlc63.tiff;1;1;2480;3508;19024;1581;2698;72;44;1581;2698;1653;2698;1653;2742;1581;2742;TTC;AAA;undefined;OTHER;OTHER
ldlc63.tiff;1;1;2480;3508;19033;2208;2735;114;43;2208;2735;2322;2735;2322;2778;2208;2778;4017.0;NNNNSN;TA;TOTAL_AMOUNT;Total with TAX
ldlc63.tiff;1;1;2480;3508;19025;1425;2742;95;44;1425;2742;1520;2742;1520;2786;1425;2786;Votre;AAAAA;undefined;OTHER;OTHER
ldlc63.tiff;1;1;2480;3508;19026;1531;2742;179;44;1531;2742;1710;2742;1710;2786;1531;2786;reglèment;AAAAAAAAA;undefined;OTHER;OTHER
ldlc63.tiff;1;1;2480;3508;19043;124;2750;70;44;124;2750;194;2750;194;2794;124;2794;Nos;AAA;undefined;OTHER;OTHER
ldlc63.tiff;1;1;2480;3508;19044;206;2750;145;44;206;2750;351;2750;351;2794;206;2794;factures;AAAAAAAA;undefined;OTHER;OTHER
ldlc63.tiff;1;1;2480;3508;19045;362;2750;79;44;362;2750;441;2750;441;2794;362;2794;sont;AAAA;undefined;OTHER;OTHER
ldlc63.tiff;1;1;2480;3508;19046;452;2750;148;44;452;2750;600;2750;600;2794;452;2794;libellées;AAAAAAAAA;undefined;OTHER;OTHER
ldlc63.tiff;1;1;2480;3508;19047;610;2750;43;44;610;2750;653;2750;653;2794;610;2794;en;AA;undefined;OTHER;OTHER
ldlc63.tiff;1;1;2480;3508;19048;664;2750;116;44;664;2750;780;2750;780;2794;664;2794;Euros.;AAAAAS;undefined;OTHER;OTHER
ldlc63.tiff;1;1;2480;3508;19049;124;2833;116;44;124;2833;240;2833;240;2877;124;2877;Aucun;AAAAA;undefined;OTHER;OTHER
ldlc63.tiff;1;1;2480;3508;19050;252;2833;175;44;252;2833;427;2833;427;2877;252;2877;escompte;AAAAAAAA;undefined;OTHER;OTHER
ldlc63.tiff;1;1;2480;3508;19051;437;2833;83;44;437;2833;520;2833;520;2877;437;2877;pour;AAAA;undefined;OTHER;OTHER
ldlc63.tiff;1;1;2480;3508;19052;531;2833;143;44;531;2833;674;2833;674;2877;531;2877;paiment;AAAAAAA;undefined;OTHER;OTHER
ldlc63.tiff;1;1;2480;3508;19053;685;2833;141;44;685;2833;826;2833;826;2877;685;2877;anticipé;AAAAAAAA;undefined;OTHER;OTHER
ldlc63.tiff;1;1;2480;3508;19054;837;2833;43;44;837;2833;880;2833;880;2877;837;2877;ne;AA;undefined;OTHER;OTHER
ldlc63.tiff;1;1;2480;3508;19055;891;2833;77;44;891;2833;968;2833;968;2877;891;2877;sera;AAAA;undefined;OTHER;OTHER
ldlc63.tiff;1;1;2480;3508;19056;979;2833;133;44;979;2833;1112;2833;1112;2877;979;2877;ccordé.;AAAAAAS;undefined;OTHER;OTHER
ldlc63.tiff;1;1;2480;3508;19034;1429;2841;75;44;1429;2841;1504;2841;1504;2885;1429;2885;NET;AAA;undefined;OTHER;OTHER
ldlc63.tiff;1;1;2480;3508;19035;1514;2841;27;44;1514;2841;1541;2841;1541;2885;1514;2885;A;A;undefined;OTHER;OTHER
ldlc63.tiff;1;1;2480;3508;19036;1552;2841;129;44;1552;2841;1681;2841;1681;2885;1552;2885;PAYER;AAAAA;undefined;OTHER;OTHER
ldlc63.tiff;1;1;2480;3508;19041;2125;2841;72;44;2125;2841;2197;2841;2197;2885;2125;2885;0,00;NSNN;undefined;OTHER;OTHER
ldlc63.tiff;1;1;2480;3508;19037;1429;2886;81;44;1429;2886;1510;2886;1510;2930;1429;2930;Date;AAAA;undefined;OTHER;OTHER
ldlc63.tiff;1;1;2480;3508;19038;1520;2886;97;44;1520;2886;1617;2886;1617;2930;1520;2930;limite;AAAAAA;undefined;OTHER;OTHER
ldlc63.tiff;1;1;2480;3508;19039;1629;2886;43;44;1629;2886;1672;2886;1672;2930;1629;2930;de;AA;undefined;OTHER;OTHER
ldlc63.tiff;1;1;2480;3508;19040;1683;2886;164;44;1683;2886;1847;2886;1847;2930;1683;2930;paiement;AAAAAAAA;undefined;OTHER;OTHER
ldlc63.tiff;1;1;2480;3508;19042;2125;2886;145;43;2125;2886;2270;2886;2270;2929;2125;2929;26/12/86;NNSNNSNN;IDATE;INVOICE_DATE;Invoice Date
ldlc63.tiff;1;1;2480;3508;19057;116;2945;210;43;116;2945;326;2945;326;2988;116;2988;CONDITION;AAAAAAAAA;undefined;OTHER;OTHER
ldlc63.tiff;1;1;2480;3508;19058;337;2945;52;43;337;2945;389;2945;389;2988;337;2988;DE;AA;undefined;OTHER;OTHER
ldlc63.tiff;1;1;2480;3508;19059;400;2945;233;43;400;2945;633;2945;633;2988;400;2988;REGLEMENT;AAAAAAAAA;undefined;OTHER;OTHER
ldlc63.tiff;1;1;2480;3508;19061;800;2945;40;28;800;2945;840;2945;840;2973;800;2973;Les;AAA;undefined;OTHER;OTHER
ldlc63.tiff;1;1;2480;3508;19062;847;2945;112;28;847;2945;959;2945;959;2973;847;2973;conditions;AAAAAAAAAA;undefined;OTHER;OTHER
ldlc63.tiff;1;1;2480;3508;19063;966;2945;109;28;966;2945;1075;2945;1075;2973;966;2973;générales;AAAAAAAAA;undefined;OTHER;OTHER
ldlc63.tiff;1;1;2480;3508;19064;1083;2945;27;28;1083;2945;1110;2945;1110;2973;1083;2973;de;AA;undefined;OTHER;OTHER
ldlc63.tiff;1;1;2480;3508;19065;1118;2945;73;28;1118;2945;1191;2945;1191;2973;1118;2973;ventes;AAAAAA;undefined;OTHER;OTHER
ldlc63.tiff;1;1;2480;3508;19066;1198;2945;88;28;1198;2945;1286;2945;1286;2973;1198;2973;"(""CGV"")";SSAAASS;undefined;OTHER;OTHER
ldlc63.tiff;1;1;2480;3508;19067;1294;2945;125;28;1294;2945;1419;2945;1419;2973;1294;2973;appilcables;AAAAAAAAAAA;undefined;OTHER;OTHER
ldlc63.tiff;1;1;2480;3508;19068;1426;2945;13;28;1426;2945;1439;2945;1439;2973;1426;2973;a;A;undefined;OTHER;OTHER
ldlc63.tiff;1;1;2480;3508;19069;1447;2945;55;28;1447;2945;1502;2945;1502;2973;1447;2973;votre;AAAAA;undefined;OTHER;OTHER
ldlc63.tiff;1;1;2480;3508;19070;1509;2945;123;28;1509;2945;1632;2945;1632;2973;1509;2973;commande;AAAAAAAA;undefined;OTHER;OTHER
ldlc63.tiff;1;1;2480;3508;19071;1640;2945;113;28;1640;2945;1753;2945;1753;2973;1640;2973;acceptées;AAAAAAAAA;undefined;OTHER;OTHER
ldlc63.tiff;1;1;2480;3508;19072;1761;2945;40;28;1761;2945;1801;2945;1801;2973;1761;2973;lors;AAAA;undefined;OTHER;OTHER
ldlc63.tiff;1;1;2480;3508;19073;1808;2945;27;28;1808;2945;1835;2945;1835;2973;1808;2973;de;AA;undefined;OTHER;OTHER
ldlc63.tiff;1;1;2480;3508;19074;1843;2945;40;28;1843;2945;1883;2945;1883;2973;1843;2973;son;AAA;undefined;OTHER;OTHER
ldlc63.tiff;1;1;2480;3508;19075;1890;2945;166;28;1890;2945;2056;2945;2056;2973;1890;2973;enregistrement;AAAAAAAAAAAAAA;undefined;OTHER;OTHER
ldlc63.tiff;1;1;2480;3508;19076;2064;2945;47;28;2064;2945;2111;2945;2111;2973;2064;2973;sont;AAAA;undefined;OTHER;OTHER
ldlc63.tiff;1;1;2480;3508;19077;800;2974;116;28;800;2974;916;2974;916;3002;800;3002;également;AAAAAAAAA;undefined;OTHER;OTHER
ldlc63.tiff;1;1;2480;3508;19078;923;2974;125;28;923;2974;1048;2974;1048;3002;923;3002;disponibles;AAAAAAAAAAA;undefined;OTHER;OTHER
ldlc63.tiff;1;1;2480;3508;19079;1055;2974;34;28;1055;2974;1089;2974;1089;3002;1055;3002;sur;AAA;undefined;OTHER;OTHER
ldlc63.tiff;1;1;2480;3508;19080;1097;2974;56;28;1097;2974;1153;2974;1153;3002;1097;3002;notre;AAAAA;undefined;OTHER;OTHER
ldlc63.tiff;1;1;2480;3508;19081;1161;2974;45;28;1161;2974;1206;2974;1206;3002;1161;3002;site.;AAAAS;undefined;OTHER;OTHER
ldlc63.tiff;1;1;2480;3508;19060;116;2989;160;44;116;2989;276;2989;276;3033;116;3033;Virement;AAAAAAAA;undefined;OTHER;OTHER
ldlc63.tiff;1;1;2480;3508;19082;800;3041;133;28;800;3041;933;3041;933;3069;800;3069;EUROSIGN;AAAAAAAA;SN;SUPPLIER_NAME;Seller/Company) name
ldlc63.tiff;1;1;2480;3508;19083;940;3041;104;28;940;3041;1044;3041;1044;3069;940;3069;BADGES;AAAAAA;SN;SUPPLIER_NAME;Seller/Company) name
ldlc63.tiff;1;1;2480;3508;19084;1051;3041;0;28;1051;3041;1051;3041;1051;3069;1051;3069;;;undefined;OTHER;OTHER
ldlc63.tiff;1;1;2480;3508;19085;1058;3041;8;28;1058;3041;1066;3041;1066;3069;1058;3069;-;S;undefined;OTHER;OTHER
ldlc63.tiff;1;1;2480;3508;19086;1073;3041;33;28;1073;3041;1106;3041;1106;3069;1073;3069;SA;AA;undefined;OTHER;OTHER
ldlc63.tiff;1;1;2480;3508;19087;1113;3041;13;28;1113;3041;1126;3041;1126;3069;1113;3069;à;A;undefined;OTHER;OTHER
ldlc63.tiff;1;1;2480;3508;19088;1134;3041;102;28;1134;3041;1236;3041;1236;3069;1134;3069;directoire;AAAAAAAAAA;undefined;OTHER;OTHER
ldlc63.tiff;1;1;2480;3508;19089;1244;3041;20;28;1244;3041;1264;3041;1264;3069;1244;3069;et;AA;undefined;OTHER;OTHER
ldlc63.tiff;1;1;2480;3508;19090;1272;3041;77;28;1272;3041;1349;3041;1349;3069;1272;3069;conseil;AAAAAAA;undefined;OTHER;OTHER
ldlc63.tiff;1;1;2480;3508;19091;1357;3041;27;28;1357;3041;1384;3041;1384;3069;1357;3069;de;AA;undefined;OTHER;OTHER
ldlc63.tiff;1;1;2480;3508;19092;1391;3041;131;28;1391;3041;1522;3041;1522;3069;1391;3069;surveillance;AAAAAAAAAAAA;undefined;OTHER;OTHER
ldlc63.tiff;1;1;2480;3508;19093;1530;3041;27;28;1530;3041;1557;3041;1557;3069;1530;3069;au;AA;undefined;OTHER;OTHER
ldlc63.tiff;1;1;2480;3508;19094;1565;3041;72;28;1565;3041;1637;3041;1637;3069;1565;3069;capital;AAAAAAA;undefined;OTHER;OTHER
ldlc63.tiff;1;1;2480;3508;19095;1644;3041;27;28;1644;3041;1671;3041;1671;3069;1644;3069;de;AA;undefined;OTHER;OTHER
ldlc63.tiff;1;1;2480;3508;19096;1679;3041;97;28;1679;3041;1776;3041;1776;3069;1679;3069;1032745;NNNNNNN;undefined;OTHER;OTHER
ldlc63.tiff;1;1;2480;3508;19097;1783;3041;38;28;1783;3041;1821;3041;1821;3069;1783;3069;Eur;AAA;undefined;OTHER;OTHER
ldlc63.tiff;1;1;2480;3508;19098;1829;3041;8;28;1829;3041;1837;3041;1837;3069;1829;3069;-;S;undefined;OTHER;OTHER
ldlc63.tiff;1;1;2480;3508;19099;1844;3041;41;28;1844;3041;1885;3041;1885;3069;1844;3069;812;NNN;SCID;SUPPLIER_ID;Seller Identifier Number (Siren)
ldlc63.tiff;1;1;2480;3508;19100;1893;3041;41;28;1893;3041;1934;3041;1934;3069;1893;3069;932;NNN;SCID;SUPPLIER_ID;Seller Identifier Number (Siren)
ldlc63.tiff;1;1;2480;3508;19101;1942;3041;41;28;1942;3041;1983;3041;1983;3069;1942;3069;406;NNN;SCID;SUPPLIER_ID;Seller Identifier Number (Siren)
ldlc63.tiff;1;1;2480;3508;19102;800;3070;50;28;800;3070;850;3070;850;3098;800;3098;NAF;AAA;undefined;OTHER;OTHER
ldlc63.tiff;1;1;2480;3508;19103;856;3070;0;28;856;3070;856;3070;856;3098;856;3098;;;undefined;OTHER;OTHER
ldlc63.tiff;1;1;2480;3508;19104;863;3070;8;28;863;3070;871;3070;871;3098;863;3098;-;S;undefined;OTHER;OTHER
ldlc63.tiff;1;1;2480;3508;19105;879;3070;88;28;879;3070;967;3070;967;3098;879;3098;Numéro;AAAAAA;undefined;OTHER;OTHER
ldlc63.tiff;1;1;2480;3508;19106;975;3070;27;28;975;3070;1002;3070;1002;3098;975;3098;de;AA;undefined;OTHER;OTHER
ldlc63.tiff;1;1;2480;3508;19107;1009;3070;48;28;1009;3070;1057;3070;1057;3098;1009;3098;TVA;AAA;undefined;OTHER;OTHER
ldlc63.tiff;1;1;2480;3508;19108;1065;3070;33;28;1065;3070;1098;3070;1098;3098;1065;3098;FR;AA;SVAT;SUPPLIER_VAT;Seller Vat Number/TVA
ldlc63.tiff;1;1;2480;3508;19109;1105;3070;27;28;1105;3070;1132;3070;1132;3098;1105;3098;47;NN;SVAT;SUPPLIER_VAT;Seller Vat Number/TVA
ldlc63.tiff;1;1;2480;3508;19110;1140;3070;41;28;1140;3070;1181;3070;1181;3098;1140;3098;812;NNN;SVAT;SUPPLIER_VAT;Seller Vat Number/TVA
ldlc63.tiff;1;1;2480;3508;19111;1189;3070;41;28;1189;3070;1230;3070;1230;3098;1189;3098;932;NNN;SVAT;SUPPLIER_VAT;Seller Vat Number/TVA
ldlc63.tiff;1;1;2480;3508;19112;1237;3070;41;28;1237;3070;1278;3070;1278;3098;1237;3098;406;NNN;SVAT;SUPPLIER_VAT;Seller Vat Number/TVA
ldlc63.tiff;1;1;2480;3508;19113;800;3098;28;28;800;3098;828;3098;828;3126;800;3126;N°;AS;undefined;OTHER;OTHER
ldlc63.tiff;1;1;2480;3508;19114;834;3098;51;28;834;3098;885;3098;885;3126;834;3126;Siret;AAAAA;undefined;OTHER;OTHER
ldlc63.tiff;1;1;2480;3508;19115;893;3098;6;28;893;3098;899;3098;899;3126;893;3126;:;S;undefined;OTHER;OTHER
ldlc63.tiff;1;1;2480;3508;19116;907;3098;41;28;907;3098;948;3098;948;3126;907;3126;812;NNN;undefined;OTHER;OTHER
ldlc63.tiff;1;1;2480;3508;19117;955;3098;41;28;955;3098;996;3098;996;3126;955;3126;932;NNN;undefined;OTHER;OTHER
ldlc63.tiff;1;1;2480;3508;19118;1004;3098;41;28;1004;3098;1045;3098;1045;3126;1004;3126;406;NNN;undefined;OTHER;OTHER
ldlc63.tiff;1;1;2480;3508;19119;1053;3098;69;28;1053;3098;1122;3098;1122;3126;1053;3126;87793;NNNNN;undefined;OTHER;OTHER
ldlc63.tiff;1;1;2480;3508;19120;991;3274;31;28;991;3274;1022;3274;1022;3302;991;3302;Ne;AA;undefined;OTHER;OTHER
ldlc63.tiff;1;1;2480;3508;19121;1030;3274;40;28;1030;3274;1070;3274;1070;3302;1030;3302;pas;AAA;undefined;OTHER;OTHER
ldlc63.tiff;1;1;2480;3508;19122;1077;3274;48;28;1077;3274;1125;3274;1125;3302;1077;3302;jeter;AAAAA;undefined;OTHER;OTHER
ldlc63.tiff;1;1;2480;3508;19123;1133;3274;34;28;1133;3274;1167;3274;1167;3302;1133;3302;sur;AAA;undefined;OTHER;OTHER
ldlc63.tiff;1;1;2480;3508;19124;1175;3274;19;28;1175;3274;1194;3274;1194;3302;1175;3302;la;AA;undefined;OTHER;OTHER
ldlc63.tiff;1;1;2480;3508;19125;1201;3274;45;28;1201;3274;1246;3274;1246;3302;1201;3302;voie;AAAA;undefined;OTHER;OTHER
ldlc63.tiff;1;1;2480;3508;19126;1254;3274;94;28;1254;3274;1348;3274;1348;3302;1254;3302;publique;AAAAAAAA;undefined;OTHER;OTHER
