src;num_pages;page_id;page_width;page_height;id;col;row;width;height;x1;y1;x2;y2;x3;y3;x4;y4;contents;contents_masked;correctclass;tag;description
ldlc151.tiff;1;1;2480;3508;45555;1757;4;172;43;1757;4;1929;4;1929;47;1757;47;Référence;AAAAAAAAA;undefined;OTHER;OTHER
ldlc151.tiff;1;1;2480;3508;45556;1941;4;20;43;1941;4;1961;4;1961;47;1941;47;à;A;undefined;OTHER;OTHER
ldlc151.tiff;1;1;2480;3508;45557;1972;4;137;43;1972;4;2109;4;2109;47;1972;47;rappeler;AAAAAAAA;undefined;OTHER;OTHER
ldlc151.tiff;1;1;2480;3508;45558;2120;4;60;43;2120;4;2180;4;2180;47;2120;47;lors;AAAA;undefined;OTHER;OTHER
ldlc151.tiff;1;1;2480;3508;45559;2191;4;41;43;2191;4;2232;4;2232;47;2191;47;du;AA;undefined;OTHER;OTHER
ldlc151.tiff;1;1;2480;3508;45560;2243;4;166;43;2243;4;2409;4;2409;47;2243;47;réglement;AAAAAAAAA;undefined;OTHER;OTHER
ldlc151.tiff;1;1;2480;3508;45561;1757;46;42;43;1757;46;1799;46;1799;89;1757;89;N°;AS;undefined;OTHER;OTHER
ldlc151.tiff;1;1;2480;3508;45562;1810;46;87;43;1810;46;1897;46;1897;89;1810;89;client;AAAAAA;undefined;OTHER;OTHER
ldlc151.tiff;1;1;2480;3508;45569;2153;46;125;44;2153;46;2278;46;2278;90;2153;90;005626;NNNNNN;CNUM;CLIENT_NUMBER;Client Number
ldlc151.tiff;1;1;2480;3508;45563;1757;89;42;43;1757;89;1799;89;1799;132;1757;132;N°;AS;undefined;OTHER;OTHER
ldlc151.tiff;1;1;2480;3508;45564;1810;89;114;43;1810;89;1924;89;1924;132;1810;132;facture;AAAAAAA;undefined;OTHER;OTHER
ldlc151.tiff;1;1;2480;3508;45570;2153;90;145;44;2153;90;2298;90;2298;134;2153;134;0040559;NNNNNNN;IN;INVOICE_NUMBER;Invoice Number
ldlc151.tiff;1;1;2480;3508;45565;1757;132;79;43;1757;132;1836;132;1836;175;1757;175;Date;AAAA;undefined;OTHER;OTHER
ldlc151.tiff;1;1;2480;3508;45566;1847;132;41;43;1847;132;1888;132;1888;175;1847;175;de;AA;undefined;OTHER;OTHER
ldlc151.tiff;1;1;2480;3508;45567;1899;132;29;43;1899;132;1928;132;1928;175;1899;175;la;AA;undefined;OTHER;OTHER
ldlc151.tiff;1;1;2480;3508;45568;1939;132;114;43;1939;132;2053;132;2053;175;1939;175;facture;AAAAAAA;undefined;OTHER;OTHER
ldlc151.tiff;1;1;2480;3508;45571;2153;135;20;44;2153;135;2173;135;2173;179;2153;179;6;N;IDATE;INVOICE_DATE;Invoice Date
ldlc151.tiff;1;1;2480;3508;45572;2184;135;66;44;2184;135;2250;135;2250;179;2184;179;ago;AAA;IDATE;INVOICE_DATE;Invoice Date
ldlc151.tiff;1;1;2480;3508;45573;2261;135;83;44;2261;135;2344;135;2344;179;2261;179;2014;NNNN;IDATE;INVOICE_DATE;Invoice Date
ldlc151.tiff;1;1;2480;3508;45574;1615;246;42;43;1615;246;1657;246;1657;289;1615;289;N°;AS;undefined;OTHER;OTHER
ldlc151.tiff;1;1;2480;3508;45575;1667;246;114;43;1667;246;1781;246;1781;289;1667;289;facture;AAAAAAA;undefined;OTHER;OTHER
ldlc151.tiff;1;1;2480;3508;45596;1973;246;145;44;1973;246;2118;246;2118;290;1973;290;0040559;NNNNNNN;IN;INVOICE_NUMBER;Invoice Number
ldlc151.tiff;1;1;2480;3508;45576;1615;310;79;43;1615;310;1694;310;1694;353;1615;353;Date;AAAA;undefined;OTHER;OTHER
ldlc151.tiff;1;1;2480;3508;45577;1704;310;41;43;1704;310;1745;310;1745;353;1704;353;de;AA;undefined;OTHER;OTHER
ldlc151.tiff;1;1;2480;3508;45578;1756;310;29;43;1756;310;1785;310;1785;353;1756;353;la;AA;undefined;OTHER;OTHER
ldlc151.tiff;1;1;2480;3508;45579;1796;310;114;43;1796;310;1910;310;1910;353;1796;353;facture;AAAAAAA;undefined;OTHER;OTHER
ldlc151.tiff;1;1;2480;3508;45597;1973;311;20;44;1973;311;1993;311;1993;355;1973;355;6;N;IDATE;INVOICE_DATE;Invoice Date
ldlc151.tiff;1;1;2480;3508;45598;2004;311;66;44;2004;311;2070;311;2070;355;2004;355;ago;AAA;IDATE;INVOICE_DATE;Invoice Date
ldlc151.tiff;1;1;2480;3508;45599;2082;311;83;44;2082;311;2165;311;2165;355;2082;355;2014;NNNN;IDATE;INVOICE_DATE;Invoice Date
ldlc151.tiff;1;1;2480;3508;45486;83;354;27;28;83;354;110;354;110;382;83;382;14;NN;SA;SUPPLIER_ADDRESS;Seller Address
ldlc151.tiff;1;1;2480;3508;45487;118;354;102;28;118;354;220;354;220;382;118;382;AVENUE;AAAAAA;SA;SUPPLIER_ADDRESS;Seller Address
ldlc151.tiff;1;1;2480;3508;45488;227;354;36;28;227;354;263;354;263;382;227;382;DU;AA;SA;SUPPLIER_ADDRESS;Seller Address
ldlc151.tiff;1;1;2480;3508;45489;270;354;158;28;270;354;428;354;428;382;270;382;LANGUEDOC;AAAAAAAAA;SA;SUPPLIER_ADDRESS;Seller Address
ldlc151.tiff;1;1;2480;3508;45490;436;354;6;28;436;354;442;354;442;382;436;382;,;S;undefined;OTHER;OTHER
ldlc151.tiff;1;1;2480;3508;45491;450;354;69;28;450;354;519;354;519;382;450;382;11370;NNNNN;SA;SUPPLIER_ADDRESS;Seller Address
ldlc151.tiff;1;1;2480;3508;45492;526;354;8;28;526;354;534;354;534;382;526;382;-;S;SA;SUPPLIER_ADDRESS;Seller Address
ldlc151.tiff;1;1;2480;3508;45493;541;354;115;28;541;354;656;354;656;382;541;382;LEUCATE;AAAAAAA;SA;SUPPLIER_ADDRESS;Seller Address
ldlc151.tiff;1;1;2480;3508;45580;1615;374;42;43;1615;374;1657;374;1657;417;1615;417;N°;AS;undefined;OTHER;OTHER
ldlc151.tiff;1;1;2480;3508;45581;1667;374;87;43;1667;374;1754;374;1754;417;1667;417;client;AAAAAA;undefined;OTHER;OTHER
ldlc151.tiff;1;1;2480;3508;45600;1973;377;125;43;1973;377;2098;377;2098;420;1973;420;005626;NNNNNN;CNUM;CLIENT_NUMBER;Client Number
ldlc151.tiff;1;1;2480;3508;45494;83;421;88;28;83;421;171;421;171;449;83;449;Numéro;AAAAAA;undefined;OTHER;OTHER
ldlc151.tiff;1;1;2480;3508;45495;179;421;41;28;179;421;220;421;220;449;179;449;non;AAA;undefined;OTHER;OTHER
ldlc151.tiff;1;1;2480;3508;45496;227;421;81;28;227;421;308;421;308;449;227;449;surtaxé;AAAAAAA;undefined;OTHER;OTHER
ldlc151.tiff;1;1;2480;3508;45497;316;421;27;28;316;421;343;421;343;449;316;449;du;AA;undefined;OTHER;OTHER
ldlc151.tiff;1;1;2480;3508;45498;351;421;83;28;351;421;434;421;434;449;351;449;Service;AAAAAAA;undefined;OTHER;OTHER
ldlc151.tiff;1;1;2480;3508;45499;441;421;63;28;441;421;504;421;504;449;441;449;Client;AAAAAA;undefined;OTHER;OTHER
ldlc151.tiff;1;1;2480;3508;45500;512;421;6;28;512;421;518;421;518;449;512;449;:;S;undefined;OTHER;OTHER
ldlc151.tiff;1;1;2480;3508;45501;526;421;42;28;526;421;568;421;568;449;526;449;+33;SNN;SCN;SUPPLIER_CONTACT_NUMBER;Seller Contact Number
ldlc151.tiff;1;1;2480;3508;45502;575;421;30;28;575;421;605;421;605;449;575;449;(0);SNS;SCN;SUPPLIER_CONTACT_NUMBER;Seller Contact Number
ldlc151.tiff;1;1;2480;3508;45503;613;421;13;28;613;421;626;421;626;449;613;449;2;N;SCN;SUPPLIER_CONTACT_NUMBER;Seller Contact Number
ldlc151.tiff;1;1;2480;3508;45504;634;421;27;28;634;421;661;421;661;449;634;449;61;NN;SCN;SUPPLIER_CONTACT_NUMBER;Seller Contact Number
ldlc151.tiff;1;1;2480;3508;45505;669;421;27;28;669;421;696;421;696;449;669;449;69;NN;SCN;SUPPLIER_CONTACT_NUMBER;Seller Contact Number
ldlc151.tiff;1;1;2480;3508;45506;703;421;27;28;703;421;730;421;730;449;703;449;89;NN;SCN;SUPPLIER_CONTACT_NUMBER;Seller Contact Number
ldlc151.tiff;1;1;2480;3508;45507;738;421;27;28;738;421;765;421;765;449;738;449;20;NN;SCN;SUPPLIER_CONTACT_NUMBER;Seller Contact Number
ldlc151.tiff;1;1;2480;3508;45582;1615;438;42;43;1615;438;1657;438;1657;481;1615;481;N°;AS;undefined;OTHER;OTHER
ldlc151.tiff;1;1;2480;3508;45583;1667;438;185;43;1667;438;1852;438;1852;481;1667;481;commande;AAAAAAAA;undefined;OTHER;OTHER
ldlc151.tiff;1;1;2480;3508;45601;1973;441;104;44;1973;441;2077;441;2077;485;1973;485;99048;NNNNN;ONUM;ORDER_NUMBER;Order Number
ldlc151.tiff;1;1;2480;3508;45508;83;449;59;28;83;449;142;449;142;477;83;477;Votre;AAAAA;undefined;OTHER;OTHER
ldlc151.tiff;1;1;2480;3508;45509;150;449;84;28;150;449;234;449;234;477;150;477;numéro;AAAAAA;undefined;OTHER;OTHER
ldlc151.tiff;1;1;2480;3508;45510;241;449;27;28;241;449;268;449;268;477;241;477;de;AA;undefined;OTHER;OTHER
ldlc151.tiff;1;1;2480;3508;45511;276;449;123;28;276;449;399;449;399;477;276;477;commande;AAAAAAAA;undefined;OTHER;OTHER
ldlc151.tiff;1;1;2480;3508;45512;407;449;52;28;407;449;459;449;459;477;407;477;vous;AAAA;undefined;OTHER;OTHER
ldlc151.tiff;1;1;2480;3508;45513;466;449;48;28;466;449;514;449;514;477;466;477;sera;AAAA;undefined;OTHER;OTHER
ldlc151.tiff;1;1;2480;3508;45514;522;449;104;28;522;449;626;449;626;477;522;477;demandé;AAAAAAA;undefined;OTHER;OTHER
ldlc151.tiff;1;1;2480;3508;45515;633;449;50;28;633;449;683;449;683;477;633;477;pour;AAAA;undefined;OTHER;OTHER
ldlc151.tiff;1;1;2480;3508;45516;690;449;41;28;690;449;731;449;731;477;690;477;tout;AAAA;undefined;OTHER;OTHER
ldlc151.tiff;1;1;2480;3508;45517;739;449;61;28;739;449;800;449;800;477;739;477;appel;AAAAA;undefined;OTHER;OTHER
ldlc151.tiff;1;1;2480;3508;45584;1615;503;58;43;1615;503;1673;503;1673;546;1615;546;Ref;AAA;undefined;OTHER;OTHER
ldlc151.tiff;1;1;2480;3508;45585;1683;503;95;43;1683;503;1778;503;1778;546;1683;546;Client;AAAAAA;undefined;OTHER;OTHER
ldlc151.tiff;1;1;2480;3508;45586;1790;503;10;43;1790;503;1800;503;1800;546;1790;546;:;S;undefined;OTHER;OTHER
ldlc151.tiff;1;1;2480;3508;45518;83;516;113;28;83;516;196;516;196;544;83;544;Retrouvez;AAAAAAAAA;undefined;OTHER;OTHER
ldlc151.tiff;1;1;2480;3508;45519;204;516;117;28;204;516;321;516;321;544;204;544;l'ensemblz;ASAAAAAAAA;undefined;OTHER;OTHER
ldlc151.tiff;1;1;2480;3508;45520;328;516;27;28;328;516;355;516;355;544;328;544;de;AA;undefined;OTHER;OTHER
ldlc151.tiff;1;1;2480;3508;45521;363;516;40;28;363;516;403;516;403;544;363;544;nos;AAA;undefined;OTHER;OTHER
ldlc151.tiff;1;1;2480;3508;45522;410;516;144;28;410;516;554;516;554;544;410;544;coordonnées;AAAAAAAAAAA;undefined;OTHER;OTHER
ldlc151.tiff;1;1;2480;3508;45523;561;516;34;28;561;516;595;516;595;544;561;544;sur;AAA;undefined;OTHER;OTHER
ldlc151.tiff;1;1;2480;3508;45524;603;516;56;28;603;516;659;516;659;544;603;544;notre;AAAAA;undefined;OTHER;OTHER
ldlc151.tiff;1;1;2480;3508;45525;667;516;38;28;667;516;705;516;705;544;667;544;site;AAAA;undefined;OTHER;OTHER
ldlc151.tiff;1;1;2480;3508;45526;713;516;6;28;713;516;719;516;719;544;713;544;,;S;undefined;OTHER;OTHER
ldlc151.tiff;1;1;2480;3508;45527;727;516;91;28;727;516;818;516;818;544;727;544;rubrique;AAAAAAAA;undefined;OTHER;OTHER
ldlc151.tiff;1;1;2480;3508;45528;825;516;85;28;825;516;910;516;910;544;825;544;"""Besoin";SAAAAAA;undefined;OTHER;OTHER
ldlc151.tiff;1;1;2480;3508;45529;918;516;74;28;918;516;992;516;992;544;918;544;"d'aide""";ASAAAAS;undefined;OTHER;OTHER
ldlc151.tiff;1;1;2480;3508;45587;1615;567;225;43;1615;567;1840;567;1840;610;1615;610;Representant;AAAAAAAAAAAA;undefined;OTHER;OTHER
ldlc151.tiff;1;1;2480;3508;45588;1850;567;10;43;1850;567;1860;567;1860;610;1850;610;:;S;undefined;OTHER;OTHER
ldlc151.tiff;1;1;2480;3508;45602;1973;571;187;43;1973;571;2160;571;2160;614;1973;614;INTERNET;AAAAAAAA;undefined;OTHER;OTHER
ldlc151.tiff;1;1;2480;3508;45589;1615;631;42;43;1615;631;1657;631;1657;674;1615;674;N°;AS;undefined;OTHER;OTHER
ldlc151.tiff;1;1;2480;3508;45590;1667;631;75;43;1667;631;1742;631;1742;674;1667;674;Intra;AAAAA;undefined;OTHER;OTHER
ldlc151.tiff;1;1;2480;3508;45591;1753;631;110;43;1753;631;1863;631;1863;674;1753;674;Comm;AAAA;undefined;OTHER;OTHER
ldlc151.tiff;1;1;2480;3508;45592;1873;631;10;43;1873;631;1883;631;1883;674;1873;674;:;S;undefined;OTHER;OTHER
ldlc151.tiff;1;1;2480;3508;45593;1615;695;42;43;1615;695;1657;695;1657;738;1615;738;N°;AS;undefined;OTHER;OTHER
ldlc151.tiff;1;1;2480;3508;45594;1667;695;77;43;1667;695;1744;695;1744;738;1667;738;Siret;AAAAA;undefined;OTHER;OTHER
ldlc151.tiff;1;1;2480;3508;45595;1755;695;10;43;1755;695;1765;695;1765;738;1755;738;:;S;undefined;OTHER;OTHER
ldlc151.tiff;1;1;2480;3508;45530;927;731;625;312;927;731;1552;731;1552;1043;927;1043;;;img;IMAGE;Image
ldlc151.tiff;1;1;2480;3508;45531;116;781;104;44;116;781;220;781;220;825;116;825;Client;AAAAAA;undefined;OTHER;OTHER
ldlc151.tiff;1;1;2480;3508;45532;231;781;77;44;231;781;308;781;308;825;231;825;livré;AAAAA;undefined;OTHER;OTHER
ldlc151.tiff;1;1;2480;3508;45533;318;781;12;44;318;781;330;781;330;825;318;825;:;S;undefined;OTHER;OTHER
ldlc151.tiff;1;1;2480;3508;45543;1560;781;104;44;1560;781;1664;781;1664;825;1560;825;Client;AAAAAA;undefined;OTHER;OTHER
ldlc151.tiff;1;1;2480;3508;45544;1675;781;135;44;1675;781;1810;781;1810;825;1675;825;Facturé;AAAAAAA;undefined;OTHER;OTHER
ldlc151.tiff;1;1;2480;3508;45545;1821;781;12;44;1821;781;1833;781;1833;825;1821;825;:;S;undefined;OTHER;OTHER
ldlc151.tiff;1;1;2480;3508;45534;116;826;129;43;116;826;245;826;245;869;116;869;SACHA;AAAAA;BN;BILLING_NAME;Billing Name
ldlc151.tiff;1;1;2480;3508;45535;256;826;216;43;256;826;472;826;472;869;256;869;MARCHAND;AAAAAAAA;BN;BILLING_NAME;Billing Name
ldlc151.tiff;1;1;2480;3508;45546;1560;826;129;43;1560;826;1689;826;1689;869;1560;869;SACHA;AAAAA;SHN;SHIPPING_NAME;Shipping Name
ldlc151.tiff;1;1;2480;3508;45547;1700;826;216;43;1700;826;1916;826;1916;869;1700;869;MARCHAND;AAAAAAAA;SHN;SHIPPING_NAME;Shipping Name
ldlc151.tiff;1;1;2480;3508;45536;116;869;72;43;116;869;188;869;188;912;116;912;131,;NNNS;BA;BILLING_ADDRESS;Billing Address
ldlc151.tiff;1;1;2480;3508;45537;200;869;154;43;200;869;354;869;354;912;200;912;AVENUE;AAAAAA;BA;BILLING_ADDRESS;Billing Address
ldlc151.tiff;1;1;2480;3508;45538;364;869;95;43;364;869;459;869;459;912;364;912;JEAN;AAAA;BA;BILLING_ADDRESS;Billing Address
ldlc151.tiff;1;1;2480;3508;45539;470;869;183;43;470;869;653;869;653;912;470;912;ROSTAND;AAAAAAA;BA;BILLING_ADDRESS;Billing Address
ldlc151.tiff;1;1;2480;3508;45548;1560;869;72;43;1560;869;1632;869;1632;912;1560;912;131,;NNNS;SHA;SHIPPING_ADDRESS;Shipping Address
ldlc151.tiff;1;1;2480;3508;45549;1644;869;154;43;1644;869;1798;869;1798;912;1644;912;AVENUE;AAAAAA;SHA;SHIPPING_ADDRESS;Shipping Address
ldlc151.tiff;1;1;2480;3508;45550;1809;869;95;43;1809;869;1904;869;1904;912;1809;912;JEAN;AAAA;SHA;SHIPPING_ADDRESS;Shipping Address
ldlc151.tiff;1;1;2480;3508;45551;1915;869;183;43;1915;869;2098;869;2098;912;1915;912;ROSTAND;AAAAAAA;SHA;SHIPPING_ADDRESS;Shipping Address
ldlc151.tiff;1;1;2480;3508;45540;116;913;104;43;116;913;220;913;220;956;116;956;95330;NNNNN;BA;BILLING_ADDRESS;Billing Address
ldlc151.tiff;1;1;2480;3508;45541;231;913;166;43;231;913;397;913;397;956;231;956;DOMONT;AAAAAA;BA;BILLING_ADDRESS;Billing Address
ldlc151.tiff;1;1;2480;3508;45552;1560;913;104;43;1560;913;1664;913;1664;956;1560;956;95330;NNNNN;SHA;SHIPPING_ADDRESS;Shipping Address
ldlc151.tiff;1;1;2480;3508;45553;1675;913;166;43;1675;913;1841;913;1841;956;1675;956;DOMONT;AAAAAA;SHA;SHIPPING_ADDRESS;Shipping Address
ldlc151.tiff;1;1;2480;3508;45542;116;956;154;43;116;956;270;956;270;999;116;999;FRANCE;AAAAAA;BA;BILLING_ADDRESS;Billing Address
ldlc151.tiff;1;1;2480;3508;45554;1560;956;154;43;1560;956;1714;956;1714;999;1560;999;FRANCE;AAAAAA;SHA;SHIPPING_ADDRESS;Shipping Address
ldlc151.tiff;1;1;2480;3508;45603;1181;1044;145;43;1181;1044;1326;1044;1326;1087;1181;1087;0040559;NNNNNNN;IN;INVOICE_NUMBER;Invoice Number
ldlc151.tiff;1;1;2480;3508;45623;2188;1135;87;44;2188;1135;2275;1135;2275;1179;2188;1179;page;AAAA;undefined;OTHER;OTHER
ldlc151.tiff;1;1;2480;3508;45624;2286;1135;52;44;2286;1135;2338;1135;2338;1179;2286;1179;1/1;NSN;undefined;OTHER;OTHER
ldlc151.tiff;1;1;2480;3508;45604;104;1140;152;34;104;1140;256;1140;256;1174;104;1174;GARANTIE;AAAAAAAA;undefined;OTHER;OTHER
ldlc151.tiff;1;1;2480;3508;45605;264;1140;9;34;264;1140;273;1140;273;1174;264;1174;:;S;undefined;OTHER;OTHER
ldlc151.tiff;1;1;2480;3508;45606;282;1140;50;34;282;1140;332;1140;332;1174;282;1174;Les;AAA;undefined;OTHER;OTHER
ldlc151.tiff;1;1;2480;3508;45607;340;1140;137;34;340;1140;477;1140;477;1174;340;1174;étiquettes;AAAAAAAAAA;undefined;OTHER;OTHER
ldlc151.tiff;1;1;2480;3508;45608;486;1140;98;34;486;1140;584;1140;584;1174;486;1174;collées;AAAAAAA;undefined;OTHER;OTHER
ldlc151.tiff;1;1;2480;3508;45609;593;1140;45;34;593;1140;638;1140;638;1174;593;1174;sur;AAA;undefined;OTHER;OTHER
ldlc151.tiff;1;1;2480;3508;45610;647;1140;40;34;647;1140;687;1140;687;1174;647;1174;les;AAA;undefined;OTHER;OTHER
ldlc151.tiff;1;1;2480;3508;45611;695;1140;90;34;695;1140;785;1140;785;1174;695;1174;pièces;AAAAAA;undefined;OTHER;OTHER
ldlc151.tiff;1;1;2480;3508;45612;794;1140;100;34;794;1140;894;1140;894;1174;794;1174;neuves;AAAAAA;undefined;OTHER;OTHER
ldlc151.tiff;1;1;2480;3508;45613;903;1140;61;34;903;1140;964;1140;964;1174;903;1174;sont;AAAA;undefined;OTHER;OTHER
ldlc151.tiff;1;1;2480;3508;45614;972;1140;150;34;972;1140;1122;1140;1122;1174;972;1174;nécessaire;AAAAAAAAAA;undefined;OTHER;OTHER
ldlc151.tiff;1;1;2480;3508;45615;1131;1140;64;34;1131;1140;1195;1140;1195;1174;1131;1174;pour;AAAA;undefined;OTHER;OTHER
ldlc151.tiff;1;1;2480;3508;45616;1204;1140;24;34;1204;1140;1228;1140;1228;1174;1204;1174;la;AA;undefined;OTHER;OTHER
ldlc151.tiff;1;1;2480;3508;45617;1237;1140;121;34;1237;1140;1358;1140;1358;1174;1237;1174;garantie.;AAAAAAAAS;undefined;OTHER;OTHER
ldlc151.tiff;1;1;2480;3508;45618;1366;1140;50;34;1366;1140;1416;1140;1416;1174;1366;1174;Les;AAA;undefined;OTHER;OTHER
ldlc151.tiff;1;1;2480;3508;45619;1425;1140;158;34;1425;1140;1583;1140;1583;1174;1425;1174;emballages;AAAAAAAAAA;undefined;OTHER;OTHER
ldlc151.tiff;1;1;2480;3508;45620;1592;1140;103;34;1592;1140;1695;1140;1695;1174;1592;1174;doivent;AAAAAAA;undefined;OTHER;OTHER
ldlc151.tiff;1;1;2480;3508;45621;1704;1140;53;34;1704;1140;1757;1140;1757;1174;1704;1174;être;AAAA;undefined;OTHER;OTHER
ldlc151.tiff;1;1;2480;3508;45622;1765;1140;144;34;1765;1140;1909;1140;1909;1174;1765;1174;conservés;AAAAAAAAA;undefined;OTHER;OTHER
ldlc151.tiff;1;1;2480;3508;45625;112;1225;83;39;112;1225;195;1225;195;1264;112;1264;Code;AAAA;undefined;OTHER;OTHER
ldlc151.tiff;1;1;2480;3508;45626;404;1225;190;39;404;1225;594;1225;594;1264;404;1264;Designation;AAAAAAAAAAA;undefined;OTHER;OTHER
ldlc151.tiff;1;1;2480;3508;45627;1279;1225;55;39;1279;1225;1334;1225;1334;1264;1279;1264;Qté;AAA;undefined;OTHER;OTHER
ldlc151.tiff;1;1;2480;3508;45628;1395;1225;40;39;1395;1225;1435;1225;1435;1264;1395;1264;Px;AA;undefined;OTHER;OTHER
ldlc151.tiff;1;1;2480;3508;45629;1445;1225;74;39;1445;1225;1519;1225;1519;1264;1445;1264;Unit.;AAAAS;undefined;OTHER;OTHER
ldlc151.tiff;1;1;2480;3508;45630;1583;1225;72;39;1583;1225;1655;1225;1655;1264;1583;1264;Rem;AAA;undefined;OTHER;OTHER
ldlc151.tiff;1;1;2480;3508;45631;1664;1225;29;39;1664;1225;1693;1225;1693;1264;1664;1264;%;S;undefined;OTHER;OTHER
ldlc151.tiff;1;1;2480;3508;45632;1729;1225;49;39;1729;1225;1778;1225;1778;1264;1729;1264;Mtt;AAA;undefined;OTHER;OTHER
ldlc151.tiff;1;1;2480;3508;45633;1788;1225;85;39;1788;1225;1873;1225;1873;1264;1788;1264;base.;AAAAS;undefined;OTHER;OTHER
ldlc151.tiff;1;1;2480;3508;45634;1937;1225;103;39;1937;1225;2040;1225;2040;1264;1937;1264;Eco-P.;AAASAS;undefined;OTHER;OTHER
ldlc151.tiff;1;1;2480;3508;45635;2050;1225;44;39;2050;1225;2094;1225;2094;1264;2050;1264;HT;AA;undefined;OTHER;OTHER
ldlc151.tiff;1;1;2480;3508;45636;2104;1225;62;39;2104;1225;2166;1225;2166;1264;2104;1264;Uni.;AAAS;undefined;OTHER;OTHER
ldlc151.tiff;1;1;2480;3508;45637;2176;1225;51;39;2176;1225;2227;1225;2227;1264;2176;1264;Vte;AAA;undefined;OTHER;OTHER
ldlc151.tiff;1;1;2480;3508;45638;2270;1225;20;39;2270;1225;2290;1225;2290;1264;2270;1264;T;A;undefined;OTHER;OTHER
ldlc151.tiff;1;1;2480;3508;45639;112;1306;240;38;112;1306;352;1306;352;1344;112;1344;6925970703420;NNNNNNNNNNNNN;SNO;SNO;SNO
ldlc151.tiff;1;1;2480;3508;45640;404;1306;140;38;404;1306;544;1306;544;1344;404;1344;CASQUE;AAAAAA;PD;PRODUCT_DESCRIPTION;Product Description
ldlc151.tiff;1;1;2480;3508;45641;554;1306;42;38;554;1306;596;1306;596;1344;554;1344;TV;AA;PD;PRODUCT_DESCRIPTION;Product Description
ldlc151.tiff;1;1;2480;3508;45642;606;1306;127;38;606;1306;733;1306;733;1344;606;1344;PHILIPS;AAAAAAA;PD;PRODUCT_DESCRIPTION;Product Description
ldlc151.tiff;1;1;2480;3508;45643;743;1306;190;38;743;1306;933;1306;933;1344;743;1344;SHC5211/10;AAANNNNSNN;PD;PRODUCT_DESCRIPTION;Product Description
ldlc151.tiff;1;1;2480;3508;45644;1279;1306;46;38;1279;1306;1325;1306;1325;1344;1279;1344;2.0;NSN;QTY;QUANTITY;Quantity
ldlc151.tiff;1;1;2480;3508;45645;1395;1306;101;38;1395;1306;1496;1306;1496;1344;1395;1344;49.992;NNSNNN;UP;UNIT_PRICE;Unit Price Without Tax
ldlc151.tiff;1;1;2480;3508;45646;1583;1306;46;38;1583;1306;1629;1306;1629;1344;1583;1344;0.0;NSN;undefined;OTHER;OTHER
ldlc151.tiff;1;1;2480;3508;45647;1729;1306;101;38;1729;1306;1830;1306;1830;1344;1729;1344;99.984;NNSNNN;PTWTX;PRODUCT_TOTAL_PRICE_WITHOUT_TAX;Product Total Price without TAX
ldlc151.tiff;1;1;2480;3508;45648;1937;1306;46;38;1937;1306;1983;1306;1983;1344;1937;1344;0.0;NSN;undefined;OTHER;OTHER
ldlc151.tiff;1;1;2480;3508;45649;2104;1306;53;38;2104;1306;2157;1306;2157;1344;2104;1344;PIE;AAA;undefined;OTHER;OTHER
ldlc151.tiff;1;1;2480;3508;45650;2262;1306;18;38;2262;1306;2280;1306;2280;1344;2262;1344;4;N;undefined;OTHER;OTHER
ldlc151.tiff;1;1;2480;3508;45662;1425;2475;145;44;1425;2475;1570;2475;1570;2519;1425;2519;Montant;AAAAAAA;undefined;OTHER;OTHER
ldlc151.tiff;1;1;2480;3508;45663;1581;2475;120;44;1581;2475;1701;2475;1701;2519;1581;2519;remise;AAAAAA;undefined;OTHER;OTHER
ldlc151.tiff;1;1;2480;3508;45675;2208;2475;72;43;2208;2475;2280;2475;2280;2518;2208;2518;0,00;NSNN;undefined;OTHER;OTHER
ldlc151.tiff;1;1;2480;3508;45651;112;2487;20;39;112;2487;132;2487;132;2526;112;2526;T;A;undefined;OTHER;OTHER
ldlc151.tiff;1;1;2480;3508;45652;295;2487;29;39;295;2487;324;2487;324;2526;295;2526;%;S;undefined;OTHER;OTHER
ldlc151.tiff;1;1;2480;3508;45653;334;2487;66;39;334;2487;400;2487;400;2526;334;2526;TVA;AAA;undefined;OTHER;OTHER
ldlc151.tiff;1;1;2480;3508;45654;537;2487;92;39;537;2487;629;2487;629;2526;537;2526;BASE;AAAA;undefined;OTHER;OTHER
ldlc151.tiff;1;1;2480;3508;45655;639;2487;46;39;639;2487;685;2487;685;2526;639;2526;DE;AA;undefined;OTHER;OTHER
ldlc151.tiff;1;1;2480;3508;45656;694;2487;137;39;694;2487;831;2487;831;2526;694;2526;CALCUL;AAAAAA;undefined;OTHER;OTHER
ldlc151.tiff;1;1;2480;3508;45657;912;2487;111;39;912;2487;1023;2487;1023;2526;912;2526;TOTAL;AAAAA;undefined;OTHER;OTHER
ldlc151.tiff;1;1;2480;3508;45676;2208;2518;72;43;2208;2518;2280;2518;2280;2561;2208;2561;0,00;NSNN;undefined;OTHER;OTHER
ldlc151.tiff;1;1;2480;3508;45664;1425;2519;145;44;1425;2519;1570;2519;1570;2563;1425;2563;Montant;AAAAAAA;undefined;OTHER;OTHER
ldlc151.tiff;1;1;2480;3508;45665;1581;2519;72;44;1581;2519;1653;2519;1653;2563;1581;2563;port;AAAA;undefined;OTHER;OTHER
ldlc151.tiff;1;1;2480;3508;45677;2208;2561;72;43;2208;2561;2280;2561;2280;2604;2208;2604;99.0;NNSN;TWTX;TOTAL_WITHOUT_TAX;TWTXS
ldlc151.tiff;1;1;2480;3508;45666;1425;2564;145;44;1425;2564;1570;2564;1570;2608;1425;2608;Montant;AAAAAAA;undefined;OTHER;OTHER
ldlc151.tiff;1;1;2480;3508;45667;1581;2564;70;44;1581;2564;1651;2564;1651;2608;1581;2608;H.T.;ASAS;undefined;OTHER;OTHER
ldlc151.tiff;1;1;2480;3508;45658;112;2568;18;38;112;2568;130;2568;130;2606;112;2606;4;N;undefined;OTHER;OTHER
ldlc151.tiff;1;1;2480;3508;45659;295;2568;37;38;295;2568;332;2568;332;2606;295;2606;20;NN;TXR;TAX_RATE;Tax Rate
ldlc151.tiff;1;1;2480;3508;45660;537;2568;101;38;537;2568;638;2568;638;2606;537;2606;99.984;NNSNNN;TTX;TOTAL_TAX;Total Tax
ldlc151.tiff;1;1;2480;3508;45661;912;2568;101;38;912;2568;1013;2568;1013;2606;912;2606;19.996;NNSNNN;undefined;OTHER;OTHER
ldlc151.tiff;1;1;2480;3508;45678;2208;2605;72;43;2208;2605;2280;2605;2280;2648;2208;2648;0,00;NSNN;undefined;OTHER;OTHER
ldlc151.tiff;1;1;2480;3508;45668;1425;2608;85;44;1425;2608;1510;2608;1510;2652;1425;2652;Dont;AAAA;undefined;OTHER;OTHER
ldlc151.tiff;1;1;2480;3508;45669;1520;2608;302;44;1520;2608;1822;2608;1822;2652;1520;2652;eco-participation;AAASAAAAAAAAAAAAA;undefined;OTHER;OTHER
ldlc151.tiff;1;1;2480;3508;45679;2208;2648;72;43;2208;2648;2280;2648;2280;2691;2208;2691;19.0;NNSN;TTX;TOTAL_TAX;Total Tax
ldlc151.tiff;1;1;2480;3508;45670;1425;2653;75;44;1425;2653;1500;2653;1500;2697;1425;2697;TVA;AAA;undefined;OTHER;OTHER
ldlc151.tiff;1;1;2480;3508;45680;2208;2691;93;43;2208;2691;2301;2691;2301;2734;2208;2734;119.0;NNNSN;TA;TOTAL_AMOUNT;Total with TAX
ldlc151.tiff;1;1;2480;3508;45671;1425;2698;145;44;1425;2698;1570;2698;1570;2742;1425;2742;Montant;AAAAAAA;undefined;OTHER;OTHER
ldlc151.tiff;1;1;2480;3508;45672;1581;2698;72;44;1581;2698;1653;2698;1653;2742;1581;2742;TTC;AAA;undefined;OTHER;OTHER
ldlc151.tiff;1;1;2480;3508;45681;2208;2735;93;43;2208;2735;2301;2735;2301;2778;2208;2778;119.0;NNNSN;TA;TOTAL_AMOUNT;Total with TAX
ldlc151.tiff;1;1;2480;3508;45673;1425;2742;95;44;1425;2742;1520;2742;1520;2786;1425;2786;Votre;AAAAA;undefined;OTHER;OTHER
ldlc151.tiff;1;1;2480;3508;45674;1531;2742;179;44;1531;2742;1710;2742;1710;2786;1531;2786;reglèment;AAAAAAAAA;undefined;OTHER;OTHER
ldlc151.tiff;1;1;2480;3508;45693;124;2750;70;44;124;2750;194;2750;194;2794;124;2794;Nos;AAA;undefined;OTHER;OTHER
ldlc151.tiff;1;1;2480;3508;45694;206;2750;145;44;206;2750;351;2750;351;2794;206;2794;factures;AAAAAAAA;undefined;OTHER;OTHER
ldlc151.tiff;1;1;2480;3508;45695;362;2750;79;44;362;2750;441;2750;441;2794;362;2794;sont;AAAA;undefined;OTHER;OTHER
ldlc151.tiff;1;1;2480;3508;45696;452;2750;148;44;452;2750;600;2750;600;2794;452;2794;libellées;AAAAAAAAA;undefined;OTHER;OTHER
ldlc151.tiff;1;1;2480;3508;45697;610;2750;43;44;610;2750;653;2750;653;2794;610;2794;en;AA;undefined;OTHER;OTHER
ldlc151.tiff;1;1;2480;3508;45698;664;2750;116;44;664;2750;780;2750;780;2794;664;2794;Euros.;AAAAAS;undefined;OTHER;OTHER
ldlc151.tiff;1;1;2480;3508;45699;124;2833;116;44;124;2833;240;2833;240;2877;124;2877;Aucun;AAAAA;undefined;OTHER;OTHER
ldlc151.tiff;1;1;2480;3508;45700;252;2833;175;44;252;2833;427;2833;427;2877;252;2877;escompte;AAAAAAAA;undefined;OTHER;OTHER
ldlc151.tiff;1;1;2480;3508;45701;437;2833;83;44;437;2833;520;2833;520;2877;437;2877;pour;AAAA;undefined;OTHER;OTHER
ldlc151.tiff;1;1;2480;3508;45702;531;2833;143;44;531;2833;674;2833;674;2877;531;2877;paiment;AAAAAAA;undefined;OTHER;OTHER
ldlc151.tiff;1;1;2480;3508;45703;685;2833;141;44;685;2833;826;2833;826;2877;685;2877;anticipé;AAAAAAAA;undefined;OTHER;OTHER
ldlc151.tiff;1;1;2480;3508;45704;837;2833;43;44;837;2833;880;2833;880;2877;837;2877;ne;AA;undefined;OTHER;OTHER
ldlc151.tiff;1;1;2480;3508;45705;891;2833;77;44;891;2833;968;2833;968;2877;891;2877;sera;AAAA;undefined;OTHER;OTHER
ldlc151.tiff;1;1;2480;3508;45706;979;2833;133;44;979;2833;1112;2833;1112;2877;979;2877;ccordé.;AAAAAAS;undefined;OTHER;OTHER
ldlc151.tiff;1;1;2480;3508;45682;1429;2841;75;44;1429;2841;1504;2841;1504;2885;1429;2885;NET;AAA;undefined;OTHER;OTHER
ldlc151.tiff;1;1;2480;3508;45683;1514;2841;27;44;1514;2841;1541;2841;1541;2885;1514;2885;A;A;undefined;OTHER;OTHER
ldlc151.tiff;1;1;2480;3508;45684;1552;2841;129;44;1552;2841;1681;2841;1681;2885;1552;2885;PAYER;AAAAA;undefined;OTHER;OTHER
ldlc151.tiff;1;1;2480;3508;45689;2125;2841;72;44;2125;2841;2197;2841;2197;2885;2125;2885;0,00;NSNN;undefined;OTHER;OTHER
ldlc151.tiff;1;1;2480;3508;45685;1429;2886;81;44;1429;2886;1510;2886;1510;2930;1429;2930;Date;AAAA;undefined;OTHER;OTHER
ldlc151.tiff;1;1;2480;3508;45686;1520;2886;97;44;1520;2886;1617;2886;1617;2930;1520;2930;limite;AAAAAA;undefined;OTHER;OTHER
ldlc151.tiff;1;1;2480;3508;45687;1629;2886;43;44;1629;2886;1672;2886;1672;2930;1629;2930;de;AA;undefined;OTHER;OTHER
ldlc151.tiff;1;1;2480;3508;45688;1683;2886;164;44;1683;2886;1847;2886;1847;2930;1683;2930;paiement;AAAAAAAA;undefined;OTHER;OTHER
ldlc151.tiff;1;1;2480;3508;45690;2125;2886;20;43;2125;2886;2145;2886;2145;2929;2125;2929;6;N;IDATE;INVOICE_DATE;Invoice Date
ldlc151.tiff;1;1;2480;3508;45691;2156;2886;62;43;2156;2886;2218;2886;2218;2929;2156;2929;ago;AAA;IDATE;INVOICE_DATE;Invoice Date
ldlc151.tiff;1;1;2480;3508;45692;2229;2886;83;43;2229;2886;2312;2886;2312;2929;2229;2929;2014;NNNN;IDATE;INVOICE_DATE;Invoice Date
ldlc151.tiff;1;1;2480;3508;45707;116;2945;210;43;116;2945;326;2945;326;2988;116;2988;CONDITION;AAAAAAAAA;undefined;OTHER;OTHER
ldlc151.tiff;1;1;2480;3508;45708;337;2945;52;43;337;2945;389;2945;389;2988;337;2988;DE;AA;undefined;OTHER;OTHER
ldlc151.tiff;1;1;2480;3508;45709;400;2945;233;43;400;2945;633;2945;633;2988;400;2988;REGLEMENT;AAAAAAAAA;undefined;OTHER;OTHER
ldlc151.tiff;1;1;2480;3508;45711;800;2945;40;28;800;2945;840;2945;840;2973;800;2973;Les;AAA;undefined;OTHER;OTHER
ldlc151.tiff;1;1;2480;3508;45712;847;2945;112;28;847;2945;959;2945;959;2973;847;2973;conditions;AAAAAAAAAA;undefined;OTHER;OTHER
ldlc151.tiff;1;1;2480;3508;45713;966;2945;109;28;966;2945;1075;2945;1075;2973;966;2973;générales;AAAAAAAAA;undefined;OTHER;OTHER
ldlc151.tiff;1;1;2480;3508;45714;1083;2945;27;28;1083;2945;1110;2945;1110;2973;1083;2973;de;AA;undefined;OTHER;OTHER
ldlc151.tiff;1;1;2480;3508;45715;1118;2945;73;28;1118;2945;1191;2945;1191;2973;1118;2973;ventes;AAAAAA;undefined;OTHER;OTHER
ldlc151.tiff;1;1;2480;3508;45716;1198;2945;88;28;1198;2945;1286;2945;1286;2973;1198;2973;"(""CGV"")";SSAAASS;undefined;OTHER;OTHER
ldlc151.tiff;1;1;2480;3508;45717;1294;2945;125;28;1294;2945;1419;2945;1419;2973;1294;2973;appilcables;AAAAAAAAAAA;undefined;OTHER;OTHER
ldlc151.tiff;1;1;2480;3508;45718;1426;2945;13;28;1426;2945;1439;2945;1439;2973;1426;2973;a;A;undefined;OTHER;OTHER
ldlc151.tiff;1;1;2480;3508;45719;1447;2945;55;28;1447;2945;1502;2945;1502;2973;1447;2973;votre;AAAAA;undefined;OTHER;OTHER
ldlc151.tiff;1;1;2480;3508;45720;1509;2945;123;28;1509;2945;1632;2945;1632;2973;1509;2973;commande;AAAAAAAA;undefined;OTHER;OTHER
ldlc151.tiff;1;1;2480;3508;45721;1640;2945;113;28;1640;2945;1753;2945;1753;2973;1640;2973;acceptées;AAAAAAAAA;undefined;OTHER;OTHER
ldlc151.tiff;1;1;2480;3508;45722;1761;2945;40;28;1761;2945;1801;2945;1801;2973;1761;2973;lors;AAAA;undefined;OTHER;OTHER
ldlc151.tiff;1;1;2480;3508;45723;1808;2945;27;28;1808;2945;1835;2945;1835;2973;1808;2973;de;AA;undefined;OTHER;OTHER
ldlc151.tiff;1;1;2480;3508;45724;1843;2945;40;28;1843;2945;1883;2945;1883;2973;1843;2973;son;AAA;undefined;OTHER;OTHER
ldlc151.tiff;1;1;2480;3508;45725;1890;2945;166;28;1890;2945;2056;2945;2056;2973;1890;2973;enregistrement;AAAAAAAAAAAAAA;undefined;OTHER;OTHER
ldlc151.tiff;1;1;2480;3508;45726;2064;2945;47;28;2064;2945;2111;2945;2111;2973;2064;2973;sont;AAAA;undefined;OTHER;OTHER
ldlc151.tiff;1;1;2480;3508;45727;800;2974;116;28;800;2974;916;2974;916;3002;800;3002;également;AAAAAAAAA;undefined;OTHER;OTHER
ldlc151.tiff;1;1;2480;3508;45728;923;2974;125;28;923;2974;1048;2974;1048;3002;923;3002;disponibles;AAAAAAAAAAA;undefined;OTHER;OTHER
ldlc151.tiff;1;1;2480;3508;45729;1055;2974;34;28;1055;2974;1089;2974;1089;3002;1055;3002;sur;AAA;undefined;OTHER;OTHER
ldlc151.tiff;1;1;2480;3508;45730;1097;2974;56;28;1097;2974;1153;2974;1153;3002;1097;3002;notre;AAAAA;undefined;OTHER;OTHER
ldlc151.tiff;1;1;2480;3508;45731;1161;2974;45;28;1161;2974;1206;2974;1206;3002;1161;3002;site.;AAAAS;undefined;OTHER;OTHER
ldlc151.tiff;1;1;2480;3508;45710;116;2989;137;44;116;2989;253;2989;253;3033;116;3033;Chèque;AAAAAA;undefined;OTHER;OTHER
ldlc151.tiff;1;1;2480;3508;45732;800;3041;116;28;800;3041;916;3041;916;3069;800;3069;CAMPING;AAAAAAA;SN;SUPPLIER_NAME;Seller/Company) name
ldlc151.tiff;1;1;2480;3508;45733;923;3041;30;28;923;3041;953;3041;953;3069;923;3069;LA;AA;SN;SUPPLIER_NAME;Seller/Company) name
ldlc151.tiff;1;1;2480;3508;45734;961;3041;93;28;961;3041;1054;3041;1054;3069;961;3069;SIRENE;AAAAAA;SN;SUPPLIER_NAME;Seller/Company) name
ldlc151.tiff;1;1;2480;3508;45735;1061;3041;0;28;1061;3041;1061;3041;1061;3069;1061;3069;;;undefined;OTHER;OTHER
ldlc151.tiff;1;1;2480;3508;45736;1068;3041;8;28;1068;3041;1076;3041;1076;3069;1068;3069;-;S;undefined;OTHER;OTHER
ldlc151.tiff;1;1;2480;3508;45737;1083;3041;33;28;1083;3041;1116;3041;1116;3069;1083;3069;SA;AA;undefined;OTHER;OTHER
ldlc151.tiff;1;1;2480;3508;45738;1123;3041;13;28;1123;3041;1136;3041;1136;3069;1123;3069;à;A;undefined;OTHER;OTHER
ldlc151.tiff;1;1;2480;3508;45739;1144;3041;102;28;1144;3041;1246;3041;1246;3069;1144;3069;directoire;AAAAAAAAAA;undefined;OTHER;OTHER
ldlc151.tiff;1;1;2480;3508;45740;1254;3041;20;28;1254;3041;1274;3041;1274;3069;1254;3069;et;AA;undefined;OTHER;OTHER
ldlc151.tiff;1;1;2480;3508;45741;1282;3041;77;28;1282;3041;1359;3041;1359;3069;1282;3069;conseil;AAAAAAA;undefined;OTHER;OTHER
ldlc151.tiff;1;1;2480;3508;45742;1366;3041;27;28;1366;3041;1393;3041;1393;3069;1366;3069;de;AA;undefined;OTHER;OTHER
ldlc151.tiff;1;1;2480;3508;45743;1401;3041;131;28;1401;3041;1532;3041;1532;3069;1401;3069;surveillance;AAAAAAAAAAAA;undefined;OTHER;OTHER
ldlc151.tiff;1;1;2480;3508;45744;1540;3041;27;28;1540;3041;1567;3041;1567;3069;1540;3069;au;AA;undefined;OTHER;OTHER
ldlc151.tiff;1;1;2480;3508;45745;1575;3041;72;28;1575;3041;1647;3041;1647;3069;1575;3069;capital;AAAAAAA;undefined;OTHER;OTHER
ldlc151.tiff;1;1;2480;3508;45746;1654;3041;27;28;1654;3041;1681;3041;1681;3069;1654;3069;de;AA;undefined;OTHER;OTHER
ldlc151.tiff;1;1;2480;3508;45747;1689;3041;97;28;1689;3041;1786;3041;1786;3069;1689;3069;2776918;NNNNNNN;undefined;OTHER;OTHER
ldlc151.tiff;1;1;2480;3508;45748;1793;3041;38;28;1793;3041;1831;3041;1831;3069;1793;3069;Eur;AAA;undefined;OTHER;OTHER
ldlc151.tiff;1;1;2480;3508;45749;1839;3041;8;28;1839;3041;1847;3041;1847;3069;1839;3069;-;S;undefined;OTHER;OTHER
ldlc151.tiff;1;1;2480;3508;45750;1854;3041;125;28;1854;3041;1979;3041;1979;3069;1854;3069;711123051;NNNNNNNNN;SCID;SUPPLIER_ID;Seller Identifier Number (Siren)
ldlc151.tiff;1;1;2480;3508;45751;800;3070;50;28;800;3070;850;3070;850;3098;800;3098;NAF;AAA;undefined;OTHER;OTHER
ldlc151.tiff;1;1;2480;3508;45752;856;3070;0;28;856;3070;856;3070;856;3098;856;3098;;;undefined;OTHER;OTHER
ldlc151.tiff;1;1;2480;3508;45753;863;3070;8;28;863;3070;871;3070;871;3098;863;3098;-;S;undefined;OTHER;OTHER
ldlc151.tiff;1;1;2480;3508;45754;879;3070;48;28;879;3070;927;3070;927;3098;879;3098;TVA;AAA;undefined;OTHER;OTHER
ldlc151.tiff;1;1;2480;3508;45755;934;3070;220;28;934;3070;1154;3070;1154;3098;934;3098;intracommunautaire;AAAAAAAAAAAAAAAAAA;undefined;OTHER;OTHER
ldlc151.tiff;1;1;2480;3508;45756;1162;3070;186;28;1162;3070;1348;3070;1348;3098;1162;3098;FR53711123051;AANNNNNNNNNNN;SVAT;SUPPLIER_VAT;Seller Vat Number/TVA
ldlc151.tiff;1;1;2480;3508;45757;800;3098;28;28;800;3098;828;3098;828;3126;800;3126;N°;AS;undefined;OTHER;OTHER
ldlc151.tiff;1;1;2480;3508;45758;834;3098;51;28;834;3098;885;3098;885;3126;834;3126;Siret;AAAAA;undefined;OTHER;OTHER
ldlc151.tiff;1;1;2480;3508;45759;893;3098;6;28;893;3098;899;3098;899;3126;893;3126;:;S;undefined;OTHER;OTHER
ldlc151.tiff;1;1;2480;3508;45760;907;3098;194;28;907;3098;1101;3098;1101;3126;907;3126;71112305103940;NNNNNNNNNNNNNN;undefined;OTHER;OTHER
ldlc151.tiff;1;1;2480;3508;45761;991;3274;31;28;991;3274;1022;3274;1022;3302;991;3302;Ne;AA;undefined;OTHER;OTHER
ldlc151.tiff;1;1;2480;3508;45762;1030;3274;40;28;1030;3274;1070;3274;1070;3302;1030;3302;pas;AAA;undefined;OTHER;OTHER
ldlc151.tiff;1;1;2480;3508;45763;1077;3274;48;28;1077;3274;1125;3274;1125;3302;1077;3302;jeter;AAAAA;undefined;OTHER;OTHER
ldlc151.tiff;1;1;2480;3508;45764;1133;3274;34;28;1133;3274;1167;3274;1167;3302;1133;3302;sur;AAA;undefined;OTHER;OTHER
ldlc151.tiff;1;1;2480;3508;45765;1175;3274;19;28;1175;3274;1194;3274;1194;3302;1175;3302;la;AA;undefined;OTHER;OTHER
ldlc151.tiff;1;1;2480;3508;45766;1201;3274;45;28;1201;3274;1246;3274;1246;3302;1201;3302;voie;AAAA;undefined;OTHER;OTHER
ldlc151.tiff;1;1;2480;3508;45767;1254;3274;94;28;1254;3274;1348;3274;1348;3302;1254;3302;publique;AAAAAAAA;undefined;OTHER;OTHER
