src;num_pages;page_id;page_width;page_height;id;col;row;width;height;x1;y1;x2;y2;x3;y3;x4;y4;contents;contents_masked;correctclass;tag;description
invoice-284.tiff;1;1;2480;3508;35356;124;62;123;175;124;62;247;62;247;237;124;237;common/logo;AAAAAASAAAA;img;IMAGE;Image
invoice-284.tiff;1;1;2480;3508;35357;750;237;50;43;750;237;800;237;800;280;750;280;DV;AA;SN;SUPPLIER_NAME;Seller/Company) name
invoice-284.tiff;1;1;2480;3508;35358;824;237;224;43;824;237;1048;237;1048;280;824;280;TRANSPORT;AAAAAAAAA;SN;SUPPLIER_NAME;Seller/Company) name
invoice-284.tiff;1;1;2480;3508;35359;750;281;75;43;750;281;825;281;825;324;750;324;LES;AAA;SA;SUPPLIER_ADDRESS;Seller Address
invoice-284.tiff;1;1;2480;3508;35360;849;281;249;43;849;281;1098;281;1098;324;849;324;QUARTEREES;AAAAAAAAAA;SA;SUPPLIER_ADDRESS;Seller Address
invoice-284.tiff;1;1;2480;3508;35361;1108;281;124;43;1108;281;1232;281;1232;324;1108;324;26140;NNNNN;SA;SUPPLIER_ADDRESS;Seller Address
invoice-284.tiff;1;1;2480;3508;35362;1241;281;124;43;1241;281;1365;281;1365;324;1241;324;ALBON;AAAAA;SA;SUPPLIER_ADDRESS;Seller Address
invoice-284.tiff;1;1;2480;3508;35363;1375;281;150;43;1375;281;1525;281;1525;324;1375;324;FRANCE;AAAAAA;SA;SUPPLIER_ADDRESS;Seller Address
invoice-284.tiff;1;1;2480;3508;35364;750;325;50;43;750;325;800;325;800;368;750;368;N°;AS;undefined;OTHER;OTHER
invoice-284.tiff;1;1;2480;3508;35365;824;325;449;43;824;325;1273;325;1273;368;824;368;intracommunautaire;AAAAAAAAAAAAAAAAAA;undefined;OTHER;OTHER
invoice-284.tiff;1;1;2480;3508;35366;1291;325;50;43;1291;325;1341;325;1341;368;1291;368;FR;AA;SVAT;SUPPLIER_VAT;Seller Vat Number/TVA
invoice-284.tiff;1;1;2480;3508;35367;1366;325;50;43;1366;325;1416;325;1416;368;1366;368;28;NN;SVAT;SUPPLIER_VAT;Seller Vat Number/TVA
invoice-284.tiff;1;1;2480;3508;35368;1441;325;75;43;1441;325;1516;325;1516;368;1441;368;822;NNN;SVAT;SUPPLIER_VAT;Seller Vat Number/TVA
invoice-284.tiff;1;1;2480;3508;35369;1541;325;75;43;1541;325;1616;325;1616;368;1541;368;363;NNN;SVAT;SUPPLIER_VAT;Seller Vat Number/TVA
invoice-284.tiff;1;1;2480;3508;35370;1641;325;75;43;1641;325;1716;325;1716;368;1641;368;548;NNN;SVAT;SUPPLIER_VAT;Seller Vat Number/TVA
invoice-284.tiff;1;1;2480;3508;35371;750;369;100;43;750;369;850;369;850;412;750;412;Tel:;AAAS;undefined;OTHER;OTHER
invoice-284.tiff;1;1;2480;3508;35372;874;369;75;43;874;369;949;369;949;412;874;412;+33;SNN;SCN;SUPPLIER_CONTACT_NUMBER;Seller Contact Number
invoice-284.tiff;1;1;2480;3508;35373;974;369;75;43;974;369;1049;369;1049;412;974;412;(0);SNS;SCN;SUPPLIER_CONTACT_NUMBER;Seller Contact Number
invoice-284.tiff;1;1;2480;3508;35374;1075;369;25;43;1075;369;1100;369;1100;412;1075;412;0;N;SCN;SUPPLIER_CONTACT_NUMBER;Seller Contact Number
invoice-284.tiff;1;1;2480;3508;35375;1125;369;50;43;1125;369;1175;369;1175;412;1125;412;92;NN;SCN;SUPPLIER_CONTACT_NUMBER;Seller Contact Number
invoice-284.tiff;1;1;2480;3508;35376;1200;369;50;43;1200;369;1250;369;1250;412;1200;412;00;NN;SCN;SUPPLIER_CONTACT_NUMBER;Seller Contact Number
invoice-284.tiff;1;1;2480;3508;35377;1275;369;50;43;1275;369;1325;369;1325;412;1275;412;43;NN;SCN;SUPPLIER_CONTACT_NUMBER;Seller Contact Number
invoice-284.tiff;1;1;2480;3508;35378;1350;369;50;43;1350;369;1400;369;1400;412;1350;412;81;NN;SCN;SUPPLIER_CONTACT_NUMBER;Seller Contact Number
invoice-284.tiff;1;1;2480;3508;35379;1441;369;100;43;1441;369;1541;369;1541;412;1441;412;Fax:;AAAS;undefined;OTHER;OTHER
invoice-284.tiff;1;1;2480;3508;35380;1566;369;75;43;1566;369;1641;369;1641;412;1566;412;+33;SNN;SFAX;SUPPLIER_FAX_NUMBER;Seller Fax Number
invoice-284.tiff;1;1;2480;3508;35381;1666;369;75;43;1666;369;1741;369;1741;412;1666;412;(0);SNS;SFAX;SUPPLIER_FAX_NUMBER;Seller Fax Number
invoice-284.tiff;1;1;2480;3508;35382;1766;369;25;43;1766;369;1791;369;1791;412;1766;412;0;N;SFAX;SUPPLIER_FAX_NUMBER;Seller Fax Number
invoice-284.tiff;1;1;2480;3508;35383;1816;369;50;43;1816;369;1866;369;1866;412;1816;412;92;NN;SFAX;SUPPLIER_FAX_NUMBER;Seller Fax Number
invoice-284.tiff;1;1;2480;3508;35384;1891;369;50;43;1891;369;1941;369;1941;412;1891;412;00;NN;SFAX;SUPPLIER_FAX_NUMBER;Seller Fax Number
invoice-284.tiff;1;1;2480;3508;35385;1966;369;50;43;1966;369;2016;369;2016;412;1966;412;09;NN;SFAX;SUPPLIER_FAX_NUMBER;Seller Fax Number
invoice-284.tiff;1;1;2480;3508;35386;2041;369;50;43;2041;369;2091;369;2091;412;2041;412;46;NN;SFAX;SUPPLIER_FAX_NUMBER;Seller Fax Number
invoice-284.tiff;1;1;2480;3508;35387;124;724;210;52;124;724;334;724;334;776;124;776;Adresse;AAAAAAA;undefined;OTHER;OTHER
invoice-284.tiff;1;1;2480;3508;35388;365;724;329;52;365;724;694;724;694;776;365;776;Facturation;AAAAAAAAAAA;undefined;OTHER;OTHER
invoice-284.tiff;1;1;2480;3508;35389;124;777;100;43;124;777;224;777;224;820;124;820;Prof;AAAA;BN;BILLING_NAME;Billing Name
invoice-284.tiff;1;1;2480;3508;35390;249;777;124;43;249;777;373;777;373;820;249;820;Lucie;AAAAA;BN;BILLING_NAME;Billing Name
invoice-284.tiff;1;1;2480;3508;35391;400;777;200;43;400;777;600;777;600;820;400;820;Gaillard;AAAAAAAA;BN;BILLING_NAME;Billing Name
invoice-284.tiff;1;1;2480;3508;35392;124;821;124;43;124;821;248;821;248;864;124;864;5019,;NNNNS;BA;BILLING_ADDRESS;Billing Address
invoice-284.tiff;1;1;2480;3508;35393;275;821;75;43;275;821;350;821;350;864;275;864;les;AAA;BA;BILLING_ADDRESS;Billing Address
invoice-284.tiff;1;1;2480;3508;35394;375;821;249;43;375;821;624;821;624;864;375;864;blutteries;AAAAAAAAAA;BA;BILLING_ADDRESS;Billing Address
invoice-284.tiff;1;1;2480;3508;35395;124;865;124;43;124;865;248;865;248;908;124;908;49270;NNNNN;BA;BILLING_ADDRESS;Billing Address
invoice-284.tiff;1;1;2480;3508;35396;291;865;100;43;291;865;391;865;391;908;291;908;Orée;AAAA;BA;BILLING_ADDRESS;Billing Address
invoice-284.tiff;1;1;2480;3508;35397;416;865;175;43;416;865;591;865;591;908;416;908;d'Anjou;ASAAAAA;BA;BILLING_ADDRESS;Billing Address
invoice-284.tiff;1;1;2480;3508;35410;1541;870;54;48;1541;870;1595;870;1595;918;1541;918;N°;AS;undefined;OTHER;OTHER
invoice-284.tiff;1;1;2480;3508;35411;1624;870;192;48;1624;870;1816;870;1816;918;1624;918;facture;AAAAAAA;undefined;OTHER;OTHER
invoice-284.tiff;1;1;2480;3508;35412;2166;870;175;43;2166;870;2341;870;2341;913;2166;913;0035387;NNNNNNN;IN;INVOICE_NUMBER;Invoice Number
invoice-284.tiff;1;1;2480;3508;35398;124;908;150;43;124;908;274;908;274;951;124;951;France;AAAAAA;BA;BILLING_ADDRESS;Billing Address
invoice-284.tiff;1;1;2480;3508;35413;1541;939;109;48;1541;939;1650;939;1650;987;1541;987;Date;AAAA;undefined;OTHER;OTHER
invoice-284.tiff;1;1;2480;3508;35414;1679;939;54;48;1679;939;1733;939;1733;987;1679;987;de;AA;undefined;OTHER;OTHER
invoice-284.tiff;1;1;2480;3508;35415;1761;939;54;48;1761;939;1815;939;1815;987;1761;987;la;AA;undefined;OTHER;OTHER
invoice-284.tiff;1;1;2480;3508;35416;1844;939;192;48;1844;939;2036;939;2036;987;1844;987;facture;AAAAAAA;undefined;OTHER;OTHER
invoice-284.tiff;1;1;2480;3508;35417;2166;939;200;43;2166;939;2366;939;2366;982;2166;982;20/03/09;NNSNNSNN;IDATE;INVOICE_DATE;Invoice Date
invoice-284.tiff;1;1;2480;3508;35399;124;994;210;52;124;994;334;994;334;1046;124;1046;Adresse;AAAAAAA;undefined;OTHER;OTHER
invoice-284.tiff;1;1;2480;3508;35400;365;994;270;52;365;994;635;994;635;1046;365;1046;Livraison;AAAAAAAAA;undefined;OTHER;OTHER
invoice-284.tiff;1;1;2480;3508;35418;1541;1008;54;48;1541;1008;1595;1008;1595;1056;1541;1056;N°;AS;undefined;OTHER;OTHER
invoice-284.tiff;1;1;2480;3508;35419;1624;1008;164;48;1624;1008;1788;1008;1788;1056;1624;1056;client;AAAAAA;undefined;OTHER;OTHER
invoice-284.tiff;1;1;2480;3508;35420;2166;1008;150;43;2166;1008;2316;1008;2316;1051;2166;1051;008580;NNNNNN;CNUM;CLIENT_NUMBER;Client Number
invoice-284.tiff;1;1;2480;3508;35401;124;1047;100;43;124;1047;224;1047;224;1090;124;1090;Prof;AAAA;SHN;SHIPPING_NAME;Shipping Name
invoice-284.tiff;1;1;2480;3508;35402;249;1047;124;43;249;1047;373;1047;373;1090;249;1090;Lucie;AAAAA;SHN;SHIPPING_NAME;Shipping Name
invoice-284.tiff;1;1;2480;3508;35403;400;1047;200;43;400;1047;600;1047;600;1090;400;1090;Gaillard;AAAAAAAA;SHN;SHIPPING_NAME;Shipping Name
invoice-284.tiff;1;1;2480;3508;35404;124;1090;75;43;124;1090;199;1090;199;1133;124;1133;29,;NNS;SHA;SHIPPING_ADDRESS;Shipping Address
invoice-284.tiff;1;1;2480;3508;35405;224;1090;75;43;224;1090;299;1090;299;1133;224;1133;rue;AAA;SHA;SHIPPING_ADDRESS;Shipping Address
invoice-284.tiff;1;1;2480;3508;35406;325;1090;200;43;325;1090;525;1090;525;1133;325;1133;d'hirson;ASAAAAAA;SHA;SHIPPING_ADDRESS;Shipping Address
invoice-284.tiff;1;1;2480;3508;35407;124;1134;124;43;124;1134;248;1134;248;1177;124;1177;59186;NNNNN;SHA;SHIPPING_ADDRESS;Shipping Address
invoice-284.tiff;1;1;2480;3508;35408;291;1134;100;43;291;1134;391;1134;391;1177;291;1177;Anor;AAAA;SHA;SHIPPING_ADDRESS;Shipping Address
invoice-284.tiff;1;1;2480;3508;35409;124;1178;150;43;124;1178;274;1178;274;1221;124;1221;France;AAAAAA;SHA;SHIPPING_ADDRESS;Shipping Address
invoice-284.tiff;1;1;2480;3508;35424;1465;1515;109;48;1465;1515;1574;1515;1574;1563;1465;1563;Prix;AAAA;undefined;OTHER;OTHER
invoice-284.tiff;1;1;2480;3508;35426;1716;1515;109;48;1716;1515;1825;1515;1825;1563;1716;1563;Taux;AAAA;undefined;OTHER;OTHER
invoice-284.tiff;1;1;2480;3508;35427;1853;1515;54;48;1853;1515;1907;1515;1907;1563;1853;1563;de;AA;undefined;OTHER;OTHER
invoice-284.tiff;1;1;2480;3508;35421;125;1563;164;48;125;1563;289;1563;289;1611;125;1611;S.Non.;ASAAAS;undefined;OTHER;OTHER
invoice-284.tiff;1;1;2480;3508;35422;536;1563;302;48;536;1563;838;1563;838;1611;536;1611;Description;AAAAAAAAAAA;undefined;OTHER;OTHER
invoice-284.tiff;1;1;2480;3508;35423;1119;1563;219;48;1119;1563;1338;1563;1338;1611;1119;1611;Quantité;AAAAAAAA;undefined;OTHER;OTHER
invoice-284.tiff;1;1;2480;3508;35425;1410;1563;219;48;1410;1563;1629;1563;1629;1611;1410;1611;Unitaire;AAAAAAAA;undefined;OTHER;OTHER
invoice-284.tiff;1;1;2480;3508;35428;1771;1563;82;48;1771;1563;1853;1563;1853;1611;1771;1611;TVA;AAA;undefined;OTHER;OTHER
invoice-284.tiff;1;1;2480;3508;35429;1966;1563;192;48;1966;1563;2158;1563;2158;1611;1966;1611;Montant;AAAAAAA;undefined;OTHER;OTHER
invoice-284.tiff;1;1;2480;3508;35430;2186;1563;54;48;2186;1563;2240;1563;2240;1611;2186;1611;HT;AA;undefined;OTHER;OTHER
invoice-284.tiff;1;1;2480;3508;35431;195;1632;25;43;195;1632;220;1632;220;1675;195;1675;1;N;undefined;OTHER;OTHER
invoice-284.tiff;1;1;2480;3508;35432;291;1632;200;43;291;1632;491;1632;491;1675;291;1675;Centrale;AAAAAAAA;undefined;OTHER;OTHER
invoice-284.tiff;1;1;2480;3508;35433;516;1632;150;43;516;1632;666;1632;666;1675;516;1675;vapeur;AAAAAA;undefined;OTHER;OTHER
invoice-284.tiff;1;1;2480;3508;35434;691;1632;150;43;691;1632;841;1632;841;1675;691;1675;Domena;AAAAAA;undefined;OTHER;OTHER
invoice-284.tiff;1;1;2480;3508;35435;866;1632;124;43;866;1632;990;1632;990;1675;866;1675;Linéa;AAAAA;undefined;OTHER;OTHER
invoice-284.tiff;1;1;2480;3508;35436;1016;1632;50;43;1016;1632;1066;1632;1066;1675;1016;1675;01;NN;undefined;OTHER;OTHER
invoice-284.tiff;1;1;2480;3508;35437;1216;1632;25;43;1216;1632;1241;1632;1241;1675;1216;1675;2;N;undefined;OTHER;OTHER
invoice-284.tiff;1;1;2480;3508;35438;1395;1632;150;43;1395;1632;1545;1632;1545;1675;1395;1675;133,32;NNNSNN;undefined;OTHER;OTHER
invoice-284.tiff;1;1;2480;3508;35439;1570;1632;75;43;1570;1632;1645;1632;1645;1675;1570;1675;EUR;AAA;undefined;OTHER;OTHER
invoice-284.tiff;1;1;2480;3508;35440;1749;1632;124;43;1749;1632;1873;1632;1873;1675;1749;1675;20.0%;NNSNS;undefined;OTHER;OTHER
invoice-284.tiff;1;1;2480;3508;35441;1979;1632;150;43;1979;1632;2129;1632;2129;1675;1979;1675;266,65;NNNSNN;undefined;OTHER;OTHER
invoice-284.tiff;1;1;2480;3508;35442;2154;1632;75;43;2154;1632;2229;1632;2229;1675;2154;1675;EUR;AAA;undefined;OTHER;OTHER
invoice-284.tiff;1;1;2480;3508;35443;195;1718;25;43;195;1718;220;1718;220;1761;195;1761;2;N;undefined;OTHER;OTHER
invoice-284.tiff;1;1;2480;3508;35444;291;1718;124;43;291;1718;415;1718;415;1761;291;1761;Ampli;AAAAA;undefined;OTHER;OTHER
invoice-284.tiff;1;1;2480;3508;35445;441;1718;100;43;441;1718;541;1718;541;1761;441;1761;Home;AAAA;undefined;OTHER;OTHER
invoice-284.tiff;1;1;2480;3508;35446;566;1718;150;43;566;1718;716;1718;716;1761;566;1761;Cinema;AAAAAA;undefined;OTHER;OTHER
invoice-284.tiff;1;1;2480;3508;35447;741;1718;150;43;741;1718;891;1718;891;1761;741;1761;Yamaha;AAAAAA;undefined;OTHER;OTHER
invoice-284.tiff;1;1;2480;3508;35451;1216;1718;25;43;1216;1718;1241;1718;1241;1761;1216;1761;1;N;undefined;OTHER;OTHER
invoice-284.tiff;1;1;2480;3508;35452;1383;1718;175;43;1383;1718;1558;1718;1558;1761;1383;1761;2082,50;NNNNSNN;undefined;OTHER;OTHER
invoice-284.tiff;1;1;2480;3508;35453;1583;1718;75;43;1583;1718;1658;1718;1658;1761;1583;1761;EUR;AAA;undefined;OTHER;OTHER
invoice-284.tiff;1;1;2480;3508;35454;1749;1718;124;43;1749;1718;1873;1718;1873;1761;1749;1761;20.0%;NNSNS;undefined;OTHER;OTHER
invoice-284.tiff;1;1;2480;3508;35455;1966;1718;175;43;1966;1718;2141;1718;2141;1761;1966;1761;2082,50;NNNNSNN;undefined;OTHER;OTHER
invoice-284.tiff;1;1;2480;3508;35456;2166;1718;75;43;2166;1718;2241;1718;2241;1761;2166;1761;EUR;AAA;undefined;OTHER;OTHER
invoice-284.tiff;1;1;2480;3508;35448;291;1761;224;43;291;1761;515;1761;515;1804;291;1804;MusicCast;AAAAAAAAA;undefined;OTHER;OTHER
invoice-284.tiff;1;1;2480;3508;35449;541;1761;175;43;541;1761;716;1761;716;1804;541;1804;RXA3070;AAANNNN;undefined;OTHER;OTHER
invoice-284.tiff;1;1;2480;3508;35450;741;1761;100;43;741;1761;841;1761;841;1804;741;1804;NOIR;AAAA;undefined;OTHER;OTHER
invoice-284.tiff;1;1;2480;3508;35457;1382;1888;137;48;1382;1888;1519;1888;1519;1936;1382;1936;TOTAL;AAAAA;undefined;OTHER;OTHER
invoice-284.tiff;1;1;2480;3508;35458;1547;1888;164;48;1547;1888;1711;1888;1711;1936;1547;1936;REMISE;AAAAAA;undefined;OTHER;OTHER
invoice-284.tiff;1;1;2480;3508;35459;1739;1888;247;48;1739;1888;1986;1888;1986;1936;1739;1936;IMMEDIATE;AAAAAAAAA;undefined;OTHER;OTHER
invoice-284.tiff;1;1;2480;3508;35460;2008;1888;100;43;2008;1888;2108;1888;2108;1931;2008;1931;0,00;NSNN;undefined;OTHER;OTHER
invoice-284.tiff;1;1;2480;3508;35461;2133;1888;75;43;2133;1888;2208;1888;2208;1931;2133;1931;EUR;AAA;undefined;OTHER;OTHER
invoice-284.tiff;1;1;2480;3508;35462;1616;1937;192;48;1616;1937;1808;1937;1808;1985;1616;1985;Montant;AAAAAAA;undefined;OTHER;OTHER
invoice-284.tiff;1;1;2480;3508;35463;1836;1937;54;48;1836;1937;1890;1937;1890;1985;1836;1985;HT;AA;undefined;OTHER;OTHER
invoice-284.tiff;1;1;2480;3508;35464;1933;1937;175;43;1933;1937;2108;1937;2108;1980;1933;1980;2349,15;NNNNSNN;TWTX;TOTAL_WITHOUT_TAX;TWTXS
invoice-284.tiff;1;1;2480;3508;35465;2133;1937;75;43;2133;1937;2208;1937;2208;1980;2133;1980;EUR;AAA;TWTX;TOTAL_WITHOUT_TAX;TWTXS
invoice-284.tiff;1;1;2480;3508;35466;1834;1985;82;48;1834;1985;1916;1985;1916;2033;1834;2033;TVA;AAA;undefined;OTHER;OTHER
invoice-284.tiff;1;1;2480;3508;35467;1958;1985;150;43;1958;1985;2108;1985;2108;2028;1958;2028;469,83;NNNSNN;TTX;TOTAL_TAX;Total Tax
invoice-284.tiff;1;1;2480;3508;35468;2133;1985;75;43;2133;1985;2208;1985;2208;2028;2133;2028;EUR;AAA;TTX;TOTAL_TAX;Total Tax
invoice-284.tiff;1;1;2480;3508;35469;1644;2034;137;48;1644;2034;1781;2034;1781;2082;1644;2082;Total;AAAAA;undefined;OTHER;OTHER
invoice-284.tiff;1;1;2480;3508;35470;1809;2034;82;48;1809;2034;1891;2034;1891;2082;1809;2082;TTC;AAA;undefined;OTHER;OTHER
invoice-284.tiff;1;1;2480;3508;35471;1933;2034;175;43;1933;2034;2108;2034;2108;2077;1933;2077;2818,98;NNNNSNN;TA;TOTAL_AMOUNT;Total with TAX
invoice-284.tiff;1;1;2480;3508;35472;2133;2034;75;43;2133;2034;2208;2034;2208;2077;2133;2077;EUR;AAA;TA;TOTAL_AMOUNT;Total with TAX
invoice-284.tiff;1;1;2480;3508;35473;1949;3154;50;43;1949;3154;1999;3154;1999;3197;1949;3197;DV;AA;SN;SUPPLIER_NAME;Seller/Company) name
invoice-284.tiff;1;1;2480;3508;35474;2024;3154;224;43;2024;3154;2248;3154;2248;3197;2024;3197;TRANSPORT;AAAAAAAAA;SN;SUPPLIER_NAME;Seller/Company) name
invoice-284.tiff;1;1;2480;3508;35475;1366;3197;75;43;1366;3197;1441;3197;1441;3240;1366;3240;LES;AAA;SA;SUPPLIER_ADDRESS;Seller Address
invoice-284.tiff;1;1;2480;3508;35476;1466;3197;249;43;1466;3197;1715;3197;1715;3240;1466;3240;QUARTEREES;AAAAAAAAAA;SA;SUPPLIER_ADDRESS;Seller Address
invoice-284.tiff;1;1;2480;3508;35477;1724;3197;25;43;1724;3197;1749;3197;1749;3240;1724;3240;,;S;SA;SUPPLIER_ADDRESS;Seller Address
invoice-284.tiff;1;1;2480;3508;35478;1774;3197;124;43;1774;3197;1898;3197;1898;3240;1774;3240;26140;NNNNN;SA;SUPPLIER_ADDRESS;Seller Address
invoice-284.tiff;1;1;2480;3508;35479;1908;3197;124;43;1908;3197;2032;3197;2032;3240;1908;3240;ALBON;AAAAA;SA;SUPPLIER_ADDRESS;Seller Address
invoice-284.tiff;1;1;2480;3508;35480;2041;3197;25;43;2041;3197;2066;3197;2066;3240;2041;3240;,;S;SA;SUPPLIER_ADDRESS;Seller Address
invoice-284.tiff;1;1;2480;3508;35481;2091;3197;150;43;2091;3197;2241;3197;2241;3240;2091;3240;FRANCE;AAAAAA;SA;SUPPLIER_ADDRESS;Seller Address
