src;num_pages;page_id;page_width;page_height;id;col;row;width;height;x1;y1;x2;y2;x3;y3;x4;y4;contents;contents_masked;correctclass;tag;description
invoice-813.tiff;1;1;2480;3508;100266;1187;62;385;175;1187;62;1572;62;1572;237;1187;237;common/logo;AAAAAASAAAA;img;IMAGE;Image
invoice-813.tiff;1;1;2480;3508;100258;124;270;210;52;124;270;334;270;334;322;124;322;FACTURE;AAAAAAA;undefined;OTHER;OTHER
invoice-813.tiff;1;1;2480;3508;100259;365;270;59;52;365;270;424;270;424;322;365;322;No;AA;undefined;OTHER;OTHER
invoice-813.tiff;1;1;2480;3508;100260;487;270;275;48;487;270;762;270;762;318;487;318;6678375954;NNNNNNNNNN;IN;INVOICE_NUMBER;Invoice Number
invoice-813.tiff;1;1;2480;3508;100261;124;344;119;52;124;344;243;344;243;396;124;396;Date;AAAA;undefined;OTHER;OTHER
invoice-813.tiff;1;1;2480;3508;100262;275;344;59;52;275;344;334;344;334;396;275;396;de;AA;undefined;OTHER;OTHER
invoice-813.tiff;1;1;2480;3508;100263;365;344;59;52;365;344;424;344;424;396;365;396;la;AA;undefined;OTHER;OTHER
invoice-813.tiff;1;1;2480;3508;100264;454;344;210;52;454;344;664;344;664;396;454;396;facture;AAAAAAA;undefined;OTHER;OTHER
invoice-813.tiff;1;1;2480;3508;100265;727;344;219;48;727;344;946;344;946;392;727;392;28/03/19;NNSNNSNN;IDATE;INVOICE_DATE;Invoice Date
invoice-813.tiff;1;1;2480;3508;100267;1187;412;100;43;1187;412;1287;412;1287;455;1187;455;BAUD;AAAA;SN;SUPPLIER_NAME;Seller/Company) name
invoice-813.tiff;1;1;2480;3508;100268;1312;412;249;43;1312;412;1561;412;1561;455;1312;455;AMBULANCES;AAAAAAAAAA;SN;SUPPLIER_NAME;Seller/Company) name
invoice-813.tiff;1;1;2480;3508;100269;1187;456;224;43;1187;456;1411;456;1411;499;1187;499;KERMESTRE;AAAAAAAAA;SA;SUPPLIER_ADDRESS;Seller Address
invoice-813.tiff;1;1;2480;3508;100270;1420;456;25;43;1420;456;1445;456;1445;499;1420;499;,;S;SA;SUPPLIER_ADDRESS;Seller Address
invoice-813.tiff;1;1;2480;3508;100271;1470;456;124;43;1470;456;1594;456;1594;499;1470;499;56150;NNNNN;SA;SUPPLIER_ADDRESS;Seller Address
invoice-813.tiff;1;1;2480;3508;100272;1604;456;100;43;1604;456;1704;456;1704;499;1604;499;BAUD;AAAA;SA;SUPPLIER_ADDRESS;Seller Address
invoice-813.tiff;1;1;2480;3508;100273;1712;456;25;43;1712;456;1737;456;1737;499;1712;499;,;S;SA;SUPPLIER_ADDRESS;Seller Address
invoice-813.tiff;1;1;2480;3508;100274;1762;456;150;43;1762;456;1912;456;1912;499;1762;499;FRANCE;AAAAAA;SA;SUPPLIER_ADDRESS;Seller Address
invoice-813.tiff;1;1;2480;3508;100275;1187;500;100;43;1187;500;1287;500;1287;543;1187;543;Tel:;AAAS;undefined;OTHER;OTHER
invoice-813.tiff;1;1;2480;3508;100276;1312;500;350;43;1312;500;1662;500;1662;543;1312;543;05-53-07-48-57;NNSNNSNNSNNSNN;SCN;SUPPLIER_CONTACT_NUMBER;Seller Contact Number
invoice-813.tiff;1;1;2480;3508;100277;1704;500;100;43;1704;500;1804;500;1804;543;1704;543;Fax:;AAAS;undefined;OTHER;OTHER
invoice-813.tiff;1;1;2480;3508;100278;1829;500;350;43;1829;500;2179;500;2179;543;1829;543;05-53-07-46-22;NNSNNSNNSNNSNN;SFAX;SUPPLIER_FAX_NUMBER;Seller Fax Number
invoice-813.tiff;1;1;2480;3508;100279;124;720;270;52;124;720;394;720;394;772;124;772;Livraison;AAAAAAAAA;undefined;OTHER;OTHER
invoice-813.tiff;1;1;2480;3508;100280;424;720;29;52;424;720;453;720;453;772;424;772;à;A;undefined;OTHER;OTHER
invoice-813.tiff;1;1;2480;3508;100281;124;773;175;43;124;773;299;773;299;816;124;816;Laurent;AAAAAAA;SHN;SHIPPING_NAME;Shipping Name
invoice-813.tiff;1;1;2480;3508;100282;325;773;150;43;325;773;475;773;475;816;325;816;Maëlys;AAAAAA;SHN;SHIPPING_NAME;Shipping Name
invoice-813.tiff;1;1;2480;3508;100291;1541;773;175;43;1541;773;1716;773;1716;816;1541;816;Laurent;AAAAAAA;BN;BILLING_NAME;Billing Name
invoice-813.tiff;1;1;2480;3508;100292;1741;773;150;43;1741;773;1891;773;1891;816;1741;816;Maëlys;AAAAAA;BN;BILLING_NAME;Billing Name
invoice-813.tiff;1;1;2480;3508;100283;124;817;75;43;124;817;199;817;199;860;124;860;15,;NNS;SHA;SHIPPING_ADDRESS;Shipping Address
invoice-813.tiff;1;1;2480;3508;100284;224;817;75;43;224;817;299;817;299;860;224;860;rue;AAA;SHA;SHIPPING_ADDRESS;Shipping Address
invoice-813.tiff;1;1;2480;3508;100285;325;817;50;43;325;817;375;817;375;860;325;860;du;AA;SHA;SHIPPING_ADDRESS;Shipping Address
invoice-813.tiff;1;1;2480;3508;100286;400;817;124;43;400;817;524;817;524;860;400;860;creux;AAAAA;SHA;SHIPPING_ADDRESS;Shipping Address
invoice-813.tiff;1;1;2480;3508;100287;550;817;150;43;550;817;700;817;700;860;550;860;lachet;AAAAAA;SHA;SHIPPING_ADDRESS;Shipping Address
invoice-813.tiff;1;1;2480;3508;100293;1541;817;50;43;1541;817;1591;817;1591;860;1541;860;3,;NS;BA;BILLING_ADDRESS;Billing Address
invoice-813.tiff;1;1;2480;3508;100294;1616;817;75;43;1616;817;1691;817;1691;860;1616;860;rue;AAA;BA;BILLING_ADDRESS;Billing Address
invoice-813.tiff;1;1;2480;3508;100295;1716;817;50;43;1716;817;1766;817;1766;860;1716;860;du;AA;BA;BILLING_ADDRESS;Billing Address
invoice-813.tiff;1;1;2480;3508;100296;1791;817;124;43;1791;817;1915;817;1915;860;1791;860;vieil;AAAAA;BA;BILLING_ADDRESS;Billing Address
invoice-813.tiff;1;1;2480;3508;100297;1941;817;150;43;1941;817;2091;817;2091;860;1941;860;armand;AAAAAA;BA;BILLING_ADDRESS;Billing Address
invoice-813.tiff;1;1;2480;3508;100288;124;861;124;43;124;861;248;861;248;904;124;904;21700;NNNNN;SHA;SHIPPING_ADDRESS;Shipping Address
invoice-813.tiff;1;1;2480;3508;100289;291;861;424;43;291;861;715;861;715;904;291;904;Magny-lès-Villers;AAAAASAAASAAAAAAA;SHA;SHIPPING_ADDRESS;Shipping Address
invoice-813.tiff;1;1;2480;3508;100298;1541;861;124;43;1541;861;1665;861;1665;904;1541;904;68760;NNNNN;BA;BILLING_ADDRESS;Billing Address
invoice-813.tiff;1;1;2480;3508;100299;1708;861;375;43;1708;861;2083;861;2083;904;1708;904;Willer-sur-Thur;AAAAAASAAASAAAA;BA;BILLING_ADDRESS;Billing Address
invoice-813.tiff;1;1;2480;3508;100290;124;905;150;43;124;905;274;905;274;948;124;948;France;AAAAAA;SHA;SHIPPING_ADDRESS;Shipping Address
invoice-813.tiff;1;1;2480;3508;100300;1541;905;150;43;1541;905;1691;905;1691;948;1541;948;France;AAAAAA;BA;BILLING_ADDRESS;Billing Address
invoice-813.tiff;1;1;2480;3508;100301;124;1077;109;48;124;1077;233;1077;233;1125;124;1125;Type;AAAA;undefined;OTHER;OTHER
invoice-813.tiff;1;1;2480;3508;100302;262;1077;54;48;262;1077;316;1077;316;1125;262;1125;de;AA;undefined;OTHER;OTHER
invoice-813.tiff;1;1;2480;3508;100303;345;1077;219;48;345;1077;564;1077;564;1125;345;1125;paiement;AAAAAAAA;undefined;OTHER;OTHER
invoice-813.tiff;1;1;2480;3508;100304;750;1077;50;43;750;1077;800;1077;800;1120;750;1120;CB;AA;PMODE;PAYMENT_MODE;Payment Mode
invoice-813.tiff;1;1;2480;3508;100305;1541;1077;164;48;1541;1077;1705;1077;1705;1125;1541;1125;CLIENT;AAAAAA;undefined;OTHER;OTHER
invoice-813.tiff;1;1;2480;3508;100306;1734;1077;54;48;1734;1077;1788;1077;1788;1125;1734;1125;No;AA;undefined;OTHER;OTHER
invoice-813.tiff;1;1;2480;3508;100307;2166;1077;124;43;2166;1077;2290;1077;2290;1120;2166;1120;80232;NNNNN;CNUM;CLIENT_NUMBER;Client Number
invoice-813.tiff;1;1;2480;3508;100313;2007;1653;192;48;2007;1653;2199;1653;2199;1701;2007;1701;Montant;AAAAAAA;undefined;OTHER;OTHER
invoice-813.tiff;1;1;2480;3508;100308;153;1702;109;48;153;1702;262;1702;262;1750;153;1750;Non.;AAAS;undefined;OTHER;OTHER
invoice-813.tiff;1;1;2480;3508;100309;536;1702;302;48;536;1702;838;1702;838;1750;536;1750;Désignation;AAAAAAAAAAA;undefined;OTHER;OTHER
invoice-813.tiff;1;1;2480;3508;100310;1187;1702;82;48;1187;1702;1269;1702;1269;1750;1187;1750;Qté;AAA;undefined;OTHER;OTHER
invoice-813.tiff;1;1;2480;3508;100311;1493;1702;54;48;1493;1702;1547;1702;1547;1750;1493;1750;UP;AA;undefined;OTHER;OTHER
invoice-813.tiff;1;1;2480;3508;100312;1771;1702;82;48;1771;1702;1853;1702;1853;1750;1771;1750;TVA;AAA;undefined;OTHER;OTHER
invoice-813.tiff;1;1;2480;3508;100314;2049;1702;109;48;2049;1702;2158;1702;2158;1750;2049;1750;H.T.;ASAS;undefined;OTHER;OTHER
invoice-813.tiff;1;1;2480;3508;100315;195;1771;25;43;195;1771;220;1771;220;1814;195;1814;1;N;undefined;OTHER;OTHER
invoice-813.tiff;1;1;2480;3508;100316;291;1771;124;43;291;1771;415;1771;415;1814;291;1814;Barre;AAAAA;undefined;OTHER;OTHER
invoice-813.tiff;1;1;2480;3508;100317;441;1771;50;43;441;1771;491;1771;491;1814;441;1814;de;AA;undefined;OTHER;OTHER
invoice-813.tiff;1;1;2480;3508;100318;516;1771;75;43;516;1771;591;1771;591;1814;516;1814;son;AAA;undefined;OTHER;OTHER
invoice-813.tiff;1;1;2480;3508;100319;616;1771;175;43;616;1771;791;1771;791;1814;616;1814;Samsung;AAAAAAA;undefined;OTHER;OTHER
invoice-813.tiff;1;1;2480;3508;100325;1216;1771;25;43;1216;1771;1241;1771;1241;1814;1216;1814;3;N;undefined;OTHER;OTHER
invoice-813.tiff;1;1;2480;3508;100326;1420;1771;100;43;1420;1771;1520;1771;1520;1814;1420;1814;0,00;NSNN;undefined;OTHER;OTHER
invoice-813.tiff;1;1;2480;3508;100327;1545;1771;75;43;1545;1771;1620;1771;1620;1814;1545;1814;USD;AAA;undefined;OTHER;OTHER
invoice-813.tiff;1;1;2480;3508;100328;1749;1771;124;43;1749;1771;1873;1771;1873;1814;1749;1814;20.0%;NNSNS;undefined;OTHER;OTHER
invoice-813.tiff;1;1;2480;3508;100329;2004;1771;100;43;2004;1771;2104;1771;2104;1814;2004;1814;0,00;NSNN;undefined;OTHER;OTHER
invoice-813.tiff;1;1;2480;3508;100330;2129;1771;75;43;2129;1771;2204;1771;2204;1814;2129;1814;USD;AAA;undefined;OTHER;OTHER
invoice-813.tiff;1;1;2480;3508;100320;291;1814;400;43;291;1814;691;1814;691;1857;291;1857;HWMS651+Enceinte;AAAANNNSAAAAAAAA;undefined;OTHER;OTHER
invoice-813.tiff;1;1;2480;3508;100321;716;1814;200;43;716;1814;916;1814;916;1857;716;1857;surround;AAAAAAAA;undefined;OTHER;OTHER
invoice-813.tiff;1;1;2480;3508;100322;291;1858;175;43;291;1858;466;1858;466;1901;291;1901;Samsung;AAAAAAA;undefined;OTHER;OTHER
invoice-813.tiff;1;1;2480;3508;100323;491;1858;200;43;491;1858;691;1858;691;1901;491;1901;SWA9000S;AAANNNNA;undefined;OTHER;OTHER
invoice-813.tiff;1;1;2480;3508;100324;716;1858;50;43;716;1858;766;1858;766;1901;716;1901;X2;AN;undefined;OTHER;OTHER
invoice-813.tiff;1;1;2480;3508;100331;195;1944;25;43;195;1944;220;1944;220;1987;195;1987;2;N;undefined;OTHER;OTHER
invoice-813.tiff;1;1;2480;3508;100332;291;1944;350;43;291;1944;641;1944;641;1987;291;1987;Humidificateur;AAAAAAAAAAAAAA;undefined;OTHER;OTHER
invoice-813.tiff;1;1;2480;3508;100333;666;1944;175;43;666;1944;841;1944;841;1987;666;1987;Stadler;AAAAAAA;undefined;OTHER;OTHER
invoice-813.tiff;1;1;2480;3508;100334;866;1944;100;43;866;1944;966;1944;966;1987;866;1987;Form;AAAA;undefined;OTHER;OTHER
invoice-813.tiff;1;1;2480;3508;100337;1216;1944;25;43;1216;1944;1241;1944;1241;1987;1216;1987;2;N;undefined;OTHER;OTHER
invoice-813.tiff;1;1;2480;3508;100338;1395;1944;150;43;1395;1944;1545;1944;1545;1987;1395;1987;141,71;NNNSNN;undefined;OTHER;OTHER
invoice-813.tiff;1;1;2480;3508;100339;1570;1944;75;43;1570;1944;1645;1944;1645;1987;1570;1987;USD;AAA;undefined;OTHER;OTHER
invoice-813.tiff;1;1;2480;3508;100340;1749;1944;124;43;1749;1944;1873;1944;1873;1987;1749;1987;20.0%;NNSNS;undefined;OTHER;OTHER
invoice-813.tiff;1;1;2480;3508;100341;1979;1944;150;43;1979;1944;2129;1944;2129;1987;1979;1987;283,42;NNNSNN;undefined;OTHER;OTHER
invoice-813.tiff;1;1;2480;3508;100342;2154;1944;75;43;2154;1944;2229;1944;2229;1987;2154;1987;USD;AAA;undefined;OTHER;OTHER
invoice-813.tiff;1;1;2480;3508;100335;291;1987;124;43;291;1987;415;1987;415;2030;291;2030;OSKAR;AAAAA;undefined;OTHER;OTHER
invoice-813.tiff;1;1;2480;3508;100336;441;1987;100;43;441;1987;541;1987;541;2030;441;2030;Noir;AAAA;undefined;OTHER;OTHER
invoice-813.tiff;1;1;2480;3508;100343;1382;2115;137;48;1382;2115;1519;2115;1519;2163;1382;2163;TOTAL;AAAAA;undefined;OTHER;OTHER
invoice-813.tiff;1;1;2480;3508;100344;1547;2115;164;48;1547;2115;1711;2115;1711;2163;1547;2163;REMISE;AAAAAA;undefined;OTHER;OTHER
invoice-813.tiff;1;1;2480;3508;100345;1739;2115;247;48;1739;2115;1986;2115;1986;2163;1739;2163;IMMEDIATE;AAAAAAAAA;undefined;OTHER;OTHER
invoice-813.tiff;1;1;2480;3508;100346;2008;2115;100;43;2008;2115;2108;2115;2108;2158;2008;2158;0,00;NSNN;undefined;OTHER;OTHER
invoice-813.tiff;1;1;2480;3508;100347;2133;2115;75;43;2133;2115;2208;2115;2208;2158;2133;2158;USD;AAA;undefined;OTHER;OTHER
invoice-813.tiff;1;1;2480;3508;100348;1586;2163;192;48;1586;2163;1778;2163;1778;2211;1586;2211;Montant;AAAAAAA;undefined;OTHER;OTHER
invoice-813.tiff;1;1;2480;3508;100349;1806;2163;109;48;1806;2163;1915;2163;1915;2211;1806;2211;H.T.;ASAS;undefined;OTHER;OTHER
invoice-813.tiff;1;1;2480;3508;100350;1958;2163;150;43;1958;2163;2108;2163;2108;2206;1958;2206;283,42;NNNSNN;TWTX;TOTAL_WITHOUT_TAX;TWTXS
invoice-813.tiff;1;1;2480;3508;100351;2133;2163;75;43;2133;2163;2208;2163;2208;2206;2133;2206;USD;AAA;TWTX;TOTAL_WITHOUT_TAX;TWTXS
invoice-813.tiff;1;1;2480;3508;100352;1959;2211;82;48;1959;2211;2041;2211;2041;2259;1959;2259;TVA;AAA;undefined;OTHER;OTHER
invoice-813.tiff;1;1;2480;3508;100353;2083;2211;124;43;2083;2211;2207;2211;2207;2254;2083;2254;20.0%;NNSNS;TXR;TAX_RATE;Tax Rate
invoice-813.tiff;1;1;2480;3508;100354;1639;2260;192;48;1639;2260;1831;2260;1831;2308;1639;2308;Montant;AAAAAAA;undefined;OTHER;OTHER
invoice-813.tiff;1;1;2480;3508;100355;1859;2260;82;48;1859;2260;1941;2260;1941;2308;1859;2308;TVA;AAA;undefined;OTHER;OTHER
invoice-813.tiff;1;1;2480;3508;100356;1983;2260;124;43;1983;2260;2107;2260;2107;2303;1983;2303;56,68;NNSNN;TTX;TOTAL_TAX;Total Tax
invoice-813.tiff;1;1;2480;3508;100357;2133;2260;75;43;2133;2260;2208;2260;2208;2303;2133;2303;USD;AAA;TTX;TOTAL_TAX;Total Tax
invoice-813.tiff;1;1;2480;3508;100358;1614;2308;192;48;1614;2308;1806;2308;1806;2356;1614;2356;Montant;AAAAAAA;undefined;OTHER;OTHER
invoice-813.tiff;1;1;2480;3508;100359;1834;2308;82;48;1834;2308;1916;2308;1916;2356;1834;2356;TTC;AAA;undefined;OTHER;OTHER
invoice-813.tiff;1;1;2480;3508;100360;1958;2308;150;43;1958;2308;2108;2308;2108;2351;1958;2351;340,10;NNNSNN;TA;TOTAL_AMOUNT;Total with TAX
invoice-813.tiff;1;1;2480;3508;100361;2133;2308;75;43;2133;2308;2208;2308;2208;2351;2133;2351;USD;AAA;TA;TOTAL_AMOUNT;Total with TAX
invoice-813.tiff;1;1;2480;3508;100362;124;3175;100;43;124;3175;224;3175;224;3218;124;3218;BAUD;AAAA;SN;SUPPLIER_NAME;Seller/Company) name
invoice-813.tiff;1;1;2480;3508;100363;249;3175;249;43;249;3175;498;3175;498;3218;249;3218;AMBULANCES;AAAAAAAAAA;SN;SUPPLIER_NAME;Seller/Company) name
invoice-813.tiff;1;1;2480;3508;100364;124;3218;224;43;124;3218;348;3218;348;3261;124;3261;KERMESTRE;AAAAAAAAA;SA;SUPPLIER_ADDRESS;Seller Address
invoice-813.tiff;1;1;2480;3508;100365;358;3218;25;43;358;3218;383;3218;383;3261;358;3261;-;S;SA;SUPPLIER_ADDRESS;Seller Address
invoice-813.tiff;1;1;2480;3508;100366;408;3218;124;43;408;3218;532;3218;532;3261;408;3261;56150;NNNNN;SA;SUPPLIER_ADDRESS;Seller Address
invoice-813.tiff;1;1;2480;3508;100367;566;3218;100;43;566;3218;666;3218;666;3261;566;3261;BAUD;AAAA;SA;SUPPLIER_ADDRESS;Seller Address
invoice-813.tiff;1;1;2480;3508;100368;675;3218;25;43;675;3218;700;3218;700;3261;675;3261;-;S;SA;SUPPLIER_ADDRESS;Seller Address
invoice-813.tiff;1;1;2480;3508;100369;725;3218;150;43;725;3218;875;3218;875;3261;725;3261;FRANCE;AAAAAA;SA;SUPPLIER_ADDRESS;Seller Address
