src;num_pages;page_id;page_width;page_height;id;col;row;width;height;x1;y1;x2;y2;x3;y3;x4;y4;contents;contents_masked;correctclass;tag;description
invoice-1226.tiff;1;1;2480;3508;150445;124;62;708;175;124;62;832;62;832;237;124;237;common/logo;AAAAAASAAAA;img;IMAGE;Image
invoice-1226.tiff;1;1;2480;3508;150446;833;237;124;43;833;237;957;237;957;280;833;280;Phone;AAAAA;undefined;OTHER;OTHER
invoice-1226.tiff;1;1;2480;3508;150447;1020;237;75;43;1020;237;1095;237;1095;280;1020;280;+33;SNN;SCN;SUPPLIER_CONTACT_NUMBER;Seller Contact Number
invoice-1226.tiff;1;1;2480;3508;150448;1120;237;25;43;1120;237;1145;237;1145;280;1120;280;0;N;SCN;SUPPLIER_CONTACT_NUMBER;Seller Contact Number
invoice-1226.tiff;1;1;2480;3508;150449;1170;237;75;43;1170;237;1245;237;1245;280;1170;280;021;NNN;SCN;SUPPLIER_CONTACT_NUMBER;Seller Contact Number
invoice-1226.tiff;1;1;2480;3508;150450;1270;237;75;43;1270;237;1345;237;1345;280;1270;280;390;NNN;SCN;SUPPLIER_CONTACT_NUMBER;Seller Contact Number
invoice-1226.tiff;1;1;2480;3508;150451;1370;237;75;43;1370;237;1445;237;1445;280;1370;280;434;NNN;SCN;SUPPLIER_CONTACT_NUMBER;Seller Contact Number
invoice-1226.tiff;1;1;2480;3508;150458;1541;237;150;43;1541;237;1691;237;1691;280;1541;280;AUDREY;AAAAAA;SN;SUPPLIER_NAME;Seller/Company) name
invoice-1226.tiff;1;1;2480;3508;150459;1716;237;200;43;1716;237;1916;237;1916;280;1716;280;FEUILLET;AAAAAAAA;SN;SUPPLIER_NAME;Seller/Company) name
invoice-1226.tiff;1;1;2480;3508;150452;833;281;75;43;833;281;908;281;908;324;833;324;Fax;AAA;undefined;OTHER;OTHER
invoice-1226.tiff;1;1;2480;3508;150453;970;281;75;43;970;281;1045;281;1045;324;970;324;+33;SNN;SFAX;SUPPLIER_FAX_NUMBER;Seller Fax Number
invoice-1226.tiff;1;1;2480;3508;150454;1070;281;25;43;1070;281;1095;281;1095;324;1070;324;0;N;SFAX;SUPPLIER_FAX_NUMBER;Seller Fax Number
invoice-1226.tiff;1;1;2480;3508;150455;1120;281;75;43;1120;281;1195;281;1195;324;1120;324;021;NNN;SFAX;SUPPLIER_FAX_NUMBER;Seller Fax Number
invoice-1226.tiff;1;1;2480;3508;150456;1220;281;75;43;1220;281;1295;281;1295;324;1220;324;390;NNN;SFAX;SUPPLIER_FAX_NUMBER;Seller Fax Number
invoice-1226.tiff;1;1;2480;3508;150457;1320;281;75;43;1320;281;1395;281;1395;324;1320;324;235;NNN;SFAX;SUPPLIER_FAX_NUMBER;Seller Fax Number
invoice-1226.tiff;1;1;2480;3508;150460;1541;281;50;43;1541;281;1591;281;1591;324;1541;324;19;NN;SA;SUPPLIER_ADDRESS;Seller Address
invoice-1226.tiff;1;1;2480;3508;150461;1616;281;75;43;1616;281;1691;281;1691;324;1616;324;RUE;AAA;SA;SUPPLIER_ADDRESS;Seller Address
invoice-1226.tiff;1;1;2480;3508;150462;1716;281;150;43;1716;281;1866;281;1866;324;1716;324;CARNOT;AAAAAA;SA;SUPPLIER_ADDRESS;Seller Address
invoice-1226.tiff;1;1;2480;3508;150463;1541;325;124;43;1541;325;1665;325;1665;368;1541;368;80110;NNNNN;SA;SUPPLIER_ADDRESS;Seller Address
invoice-1226.tiff;1;1;2480;3508;150464;1708;325;175;43;1708;325;1883;325;1883;368;1708;368;MOREUIL;AAAAAAA;SA;SUPPLIER_ADDRESS;Seller Address
invoice-1226.tiff;1;1;2480;3508;150465;1541;369;150;43;1541;369;1691;369;1691;412;1541;412;FRANCE;AAAAAA;SA;SUPPLIER_ADDRESS;Seller Address
invoice-1226.tiff;1;1;2480;3508;150466;124;589;239;52;124;589;363;589;363;641;124;641;Delivery;AAAAAAAA;undefined;OTHER;OTHER
invoice-1226.tiff;1;1;2480;3508;150467;394;589;210;52;394;589;604;589;604;641;394;641;Address;AAAAAAA;undefined;OTHER;OTHER
invoice-1226.tiff;1;1;2480;3508;150477;1541;589;210;52;1541;589;1751;589;1751;641;1541;641;Invoice;AAAAAAA;undefined;OTHER;OTHER
invoice-1226.tiff;1;1;2480;3508;150478;1781;589;210;52;1781;589;1991;589;1991;641;1781;641;Address;AAAAAAA;undefined;OTHER;OTHER
invoice-1226.tiff;1;1;2480;3508;150468;124;642;200;43;124;642;324;642;324;685;124;685;Marilyne;AAAAAAAA;SHN;SHIPPING_NAME;Shipping Name
invoice-1226.tiff;1;1;2480;3508;150469;350;642;100;43;350;642;450;642;450;685;350;685;Torp;AAAA;SHN;SHIPPING_NAME;Shipping Name
invoice-1226.tiff;1;1;2480;3508;150479;1541;642;200;43;1541;642;1741;642;1741;685;1541;685;Marilyne;AAAAAAAA;BN;BILLING_NAME;Billing Name
invoice-1226.tiff;1;1;2480;3508;150480;1766;642;100;43;1766;642;1866;642;1866;685;1766;685;Torp;AAAA;BN;BILLING_NAME;Billing Name
invoice-1226.tiff;1;1;2480;3508;150470;124;686;100;43;124;686;224;686;224;729;124;729;308,;NNNS;SHA;SHIPPING_ADDRESS;Shipping Address
invoice-1226.tiff;1;1;2480;3508;150471;249;686;75;43;249;686;324;686;324;729;249;729;rue;AAA;SHA;SHIPPING_ADDRESS;Shipping Address
invoice-1226.tiff;1;1;2480;3508;150472;350;686;75;43;350;686;425;686;425;729;350;729;des;AAA;SHA;SHIPPING_ADDRESS;Shipping Address
invoice-1226.tiff;1;1;2480;3508;150473;449;686;150;43;449;686;599;686;599;729;449;729;cyprès;AAAAAA;SHA;SHIPPING_ADDRESS;Shipping Address
invoice-1226.tiff;1;1;2480;3508;150481;1541;686;100;43;1541;686;1641;686;1641;729;1541;729;308,;NNNS;BA;BILLING_ADDRESS;Billing Address
invoice-1226.tiff;1;1;2480;3508;150482;1666;686;75;43;1666;686;1741;686;1741;729;1666;729;rue;AAA;BA;BILLING_ADDRESS;Billing Address
invoice-1226.tiff;1;1;2480;3508;150483;1766;686;75;43;1766;686;1841;686;1841;729;1766;729;des;AAA;BA;BILLING_ADDRESS;Billing Address
invoice-1226.tiff;1;1;2480;3508;150484;1866;686;150;43;1866;686;2016;686;2016;729;1866;729;cyprès;AAAAAA;BA;BILLING_ADDRESS;Billing Address
invoice-1226.tiff;1;1;2480;3508;150474;124;730;124;43;124;730;248;730;248;773;124;773;84210;NNNNN;SHA;SHIPPING_ADDRESS;Shipping Address
invoice-1226.tiff;1;1;2480;3508;150475;291;730;424;43;291;730;715;730;715;773;291;773;Althen-des-Paluds;AAAAAASAAASAAAAAA;SHA;SHIPPING_ADDRESS;Shipping Address
invoice-1226.tiff;1;1;2480;3508;150485;1541;730;124;43;1541;730;1665;730;1665;773;1541;773;84210;NNNNN;BA;BILLING_ADDRESS;Billing Address
invoice-1226.tiff;1;1;2480;3508;150486;1708;730;424;43;1708;730;2132;730;2132;773;1708;773;Althen-des-Paluds;AAAAAASAAASAAAAAA;BA;BILLING_ADDRESS;Billing Address
invoice-1226.tiff;1;1;2480;3508;150476;124;774;150;43;124;774;274;774;274;817;124;817;France;AAAAAA;SHA;SHIPPING_ADDRESS;Shipping Address
invoice-1226.tiff;1;1;2480;3508;150487;1541;774;150;43;1541;774;1691;774;1691;817;1541;817;France;AAAAAA;BA;BILLING_ADDRESS;Billing Address
invoice-1226.tiff;1;1;2480;3508;150488;124;1015;192;48;124;1015;316;1015;316;1063;124;1063;Invoice;AAAAAAA;undefined;OTHER;OTHER
invoice-1226.tiff;1;1;2480;3508;150489;345;1015;164;48;345;1015;509;1015;509;1063;345;1063;Number;AAAAAA;undefined;OTHER;OTHER
invoice-1226.tiff;1;1;2480;3508;150490;750;1015;300;43;750;1015;1050;1015;1050;1058;750;1058;FV2017001565;AANNNNNNNNNN;IN;INVOICE_NUMBER;Invoice Number
invoice-1226.tiff;1;1;2480;3508;150498;1541;1050;137;48;1541;1050;1678;1050;1678;1098;1541;1098;Order;AAAAA;undefined;OTHER;OTHER
invoice-1226.tiff;1;1;2480;3508;150499;1706;1050;164;48;1706;1050;1870;1050;1870;1098;1706;1098;Number;AAAAAA;undefined;OTHER;OTHER
invoice-1226.tiff;1;1;2480;3508;150500;2166;1050;224;43;2166;1050;2390;1050;2390;1093;2166;1093;CD2016000;AANNNNNNN;ONUM;ORDER_NUMBER;Order Number
invoice-1226.tiff;1;1;2480;3508;150491;124;1084;137;48;124;1084;261;1084;261;1132;124;1132;Dated;AAAAA;undefined;OTHER;OTHER
invoice-1226.tiff;1;1;2480;3508;150492;750;1084;50;43;750;1084;800;1084;800;1127;750;1127;17;NN;IDATE;INVOICE_DATE;Invoice Date
invoice-1226.tiff;1;1;2480;3508;150493;824;1084;100;43;824;1084;924;1084;924;1127;824;1127;may,;AAAS;IDATE;INVOICE_DATE;Invoice Date
invoice-1226.tiff;1;1;2480;3508;150494;949;1084;100;43;949;1084;1049;1084;1049;1127;949;1127;2002;NNNN;IDATE;INVOICE_DATE;Invoice Date
invoice-1226.tiff;1;1;2480;3508;150501;1541;1119;137;48;1541;1119;1678;1119;1678;1167;1541;1167;Payed;AAAAA;undefined;OTHER;OTHER
invoice-1226.tiff;1;1;2480;3508;150502;1706;1119;192;48;1706;1119;1898;1119;1898;1167;1706;1167;through;AAAAAAA;undefined;OTHER;OTHER
invoice-1226.tiff;1;1;2480;3508;150503;2166;1119;100;43;2166;1119;2266;1119;2266;1162;2166;1162;Bank;AAAA;PMODE;PAYMENT_MODE;Payment Mode
invoice-1226.tiff;1;1;2480;3508;150504;2291;1119;200;43;2291;1119;2491;1119;2491;1162;2291;1162;Transfer;AAAAAAAA;PMODE;PAYMENT_MODE;Payment Mode
invoice-1226.tiff;1;1;2480;3508;150495;124;1153;164;48;124;1153;288;1153;288;1201;124;1201;Client;AAAAAA;undefined;OTHER;OTHER
invoice-1226.tiff;1;1;2480;3508;150496;317;1153;164;48;317;1153;481;1153;481;1201;317;1201;Number;AAAAAA;undefined;OTHER;OTHER
invoice-1226.tiff;1;1;2480;3508;150497;750;1153;224;43;750;1153;974;1153;974;1196;750;1196;CL1050075;AANNNNNNN;CNUM;CLIENT_NUMBER;Client Number
invoice-1226.tiff;1;1;2480;3508;150505;167;1660;82;48;167;1660;249;1660;249;1708;167;1708;No.;AAS;undefined;OTHER;OTHER
invoice-1226.tiff;1;1;2480;3508;150506;396;1660;82;48;396;1660;478;1660;478;1708;396;1708;Qty;AAA;undefined;OTHER;OTHER
invoice-1226.tiff;1;1;2480;3508;150507;814;1660;329;48;814;1660;1143;1660;1143;1708;814;1708;Descriptions;AAAAAAAAAAAA;undefined;OTHER;OTHER
invoice-1226.tiff;1;1;2480;3508;150508;1465;1660;109;48;1465;1660;1574;1660;1574;1708;1465;1708;U.P.;ASAS;undefined;OTHER;OTHER
invoice-1226.tiff;1;1;2480;3508;150509;1716;1660;192;48;1716;1660;1908;1660;1908;1708;1716;1708;VAT/TVA;AAASAAA;undefined;OTHER;OTHER
invoice-1226.tiff;1;1;2480;3508;150510;2021;1660;164;48;2021;1660;2185;1660;2185;1708;2021;1708;Amount;AAAAAA;undefined;OTHER;OTHER
invoice-1226.tiff;1;1;2480;3508;150511;195;1729;25;43;195;1729;220;1729;220;1772;195;1772;1;N;undefined;OTHER;OTHER
invoice-1226.tiff;1;1;2480;3508;150512;424;1729;25;43;424;1729;449;1729;449;1772;424;1772;2;N;undefined;OTHER;OTHER
invoice-1226.tiff;1;1;2480;3508;150513;583;1729;200;43;583;1729;783;1729;783;1772;583;1772;Jeanette;AAAAAAAA;undefined;OTHER;OTHER
invoice-1226.tiff;1;1;2480;3508;150514;808;1729;224;43;808;1729;1032;1729;1032;1772;808;1772;Brabantia;AAAAAAAAA;undefined;OTHER;OTHER
invoice-1226.tiff;1;1;2480;3508;150515;1058;1729;200;43;1058;1729;1258;1729;1258;1772;1058;1772;Jeanette;AAAAAAAA;undefined;OTHER;OTHER
invoice-1226.tiff;1;1;2480;3508;150518;1433;1729;124;43;1433;1729;1557;1729;1557;1772;1433;1772;24,99;NNSNN;undefined;OTHER;OTHER
invoice-1226.tiff;1;1;2480;3508;150519;1583;1729;25;43;1583;1729;1608;1729;1608;1772;1583;1772;$;S;undefined;OTHER;OTHER
invoice-1226.tiff;1;1;2480;3508;150520;1749;1729;124;43;1749;1729;1873;1729;1873;1772;1749;1772;20.0%;NNSNS;undefined;OTHER;OTHER
invoice-1226.tiff;1;1;2480;3508;150521;2016;1729;124;43;2016;1729;2140;1729;2140;1772;2016;1772;49,98;NNSNN;undefined;OTHER;OTHER
invoice-1226.tiff;1;1;2480;3508;150522;2166;1729;25;43;2166;1729;2191;1729;2191;1772;2166;1772;$;S;undefined;OTHER;OTHER
invoice-1226.tiff;1;1;2480;3508;150516;583;1773;124;43;583;1773;707;1773;707;1816;583;1816;60x10;NNANN;undefined;OTHER;OTHER
invoice-1226.tiff;1;1;2480;3508;150517;733;1773;50;43;733;1773;783;1773;783;1816;733;1816;cm;AA;undefined;OTHER;OTHER
invoice-1226.tiff;1;1;2480;3508;150523;195;1859;25;43;195;1859;220;1859;220;1902;195;1902;2;N;undefined;OTHER;OTHER
invoice-1226.tiff;1;1;2480;3508;150524;424;1859;25;43;424;1859;449;1859;449;1902;424;1902;1;N;undefined;OTHER;OTHER
invoice-1226.tiff;1;1;2480;3508;150525;583;1859;175;43;583;1859;758;1859;758;1902;583;1902;Clavier;AAAAAAA;undefined;OTHER;OTHER
invoice-1226.tiff;1;1;2480;3508;150526;783;1859;175;43;783;1859;958;1859;958;1902;783;1902;filaire;AAAAAAA;undefined;OTHER;OTHER
invoice-1226.tiff;1;1;2480;3508;150527;983;1859;175;43;983;1859;1158;1859;1158;1902;983;1902;Geemarc;AAAAAAA;undefined;OTHER;OTHER
invoice-1226.tiff;1;1;2480;3508;150532;1433;1859;124;43;1433;1859;1557;1859;1557;1902;1433;1902;31,55;NNSNN;undefined;OTHER;OTHER
invoice-1226.tiff;1;1;2480;3508;150533;1583;1859;25;43;1583;1859;1608;1859;1608;1902;1583;1902;$;S;undefined;OTHER;OTHER
invoice-1226.tiff;1;1;2480;3508;150534;1749;1859;124;43;1749;1859;1873;1859;1873;1902;1749;1902;20.0%;NNSNS;undefined;OTHER;OTHER
invoice-1226.tiff;1;1;2480;3508;150535;2016;1859;124;43;2016;1859;2140;1859;2140;1902;2016;1902;31,55;NNSNN;undefined;OTHER;OTHER
invoice-1226.tiff;1;1;2480;3508;150536;2166;1859;25;43;2166;1859;2191;1859;2191;1902;2166;1902;$;S;undefined;OTHER;OTHER
invoice-1226.tiff;1;1;2480;3508;150528;583;1902;200;43;583;1902;783;1902;783;1945;583;1945;GEEMARC,;AAAAAAAS;undefined;OTHER;OTHER
invoice-1226.tiff;1;1;2480;3508;150529;808;1902;175;43;808;1902;983;1902;983;1945;808;1945;Clavier;AAAAAAA;undefined;OTHER;OTHER
invoice-1226.tiff;1;1;2480;3508;150530;1008;1902;175;43;1008;1902;1183;1902;1183;1945;1008;1945;confort;AAAAAAA;undefined;OTHER;OTHER
invoice-1226.tiff;1;1;2480;3508;150531;1208;1902;150;43;1208;1902;1358;1902;1358;1945;1208;1945;visuel;AAAAAA;undefined;OTHER;OTHER
invoice-1226.tiff;1;1;2480;3508;150537;1899;2030;137;48;1899;2030;2036;2030;2036;2078;1899;2078;@DISC;SAAAA;undefined;OTHER;OTHER
invoice-1226.tiff;1;1;2480;3508;150538;2058;2030;100;43;2058;2030;2158;2030;2158;2073;2058;2073;0,00;NSNN;undefined;OTHER;OTHER
invoice-1226.tiff;1;1;2480;3508;150539;2183;2030;25;43;2183;2030;2208;2030;2208;2073;2183;2073;$;S;undefined;OTHER;OTHER
invoice-1226.tiff;1;1;2480;3508;150540;1826;2078;164;48;1826;2078;1990;2078;1990;2126;1826;2126;Amount;AAAAAA;undefined;OTHER;OTHER
invoice-1226.tiff;1;1;2480;3508;150541;2033;2078;124;43;2033;2078;2157;2078;2157;2121;2033;2121;81,53;NNSNN;TWTX;TOTAL_WITHOUT_TAX;TWTXS
invoice-1226.tiff;1;1;2480;3508;150542;2183;2078;25;43;2183;2078;2208;2078;2208;2121;2183;2121;$;S;TWTX;TOTAL_WITHOUT_TAX;TWTXS
invoice-1226.tiff;1;1;2480;3508;150543;1716;2126;82;48;1716;2126;1798;2126;1798;2174;1716;2174;TVA;AAA;undefined;OTHER;OTHER
invoice-1226.tiff;1;1;2480;3508;150544;1826;2126;164;48;1826;2126;1990;2126;1990;2174;1826;2174;Amount;AAAAAA;undefined;OTHER;OTHER
invoice-1226.tiff;1;1;2480;3508;150545;2033;2126;124;43;2033;2126;2157;2126;2157;2169;2033;2169;16,31;NNSNN;TTX;TOTAL_TAX;Total Tax
invoice-1226.tiff;1;1;2480;3508;150546;2183;2126;25;43;2183;2126;2208;2126;2208;2169;2183;2169;$;S;TTX;TOTAL_TAX;Total Tax
invoice-1226.tiff;1;1;2480;3508;150547;1661;2175;137;48;1661;2175;1798;2175;1798;2223;1661;2223;Total;AAAAA;undefined;OTHER;OTHER
invoice-1226.tiff;1;1;2480;3508;150548;1826;2175;164;48;1826;2175;1990;2175;1990;2223;1826;2223;Amount;AAAAAA;undefined;OTHER;OTHER
invoice-1226.tiff;1;1;2480;3508;150549;2033;2175;124;43;2033;2175;2157;2175;2157;2218;2033;2218;97,84;NNSNN;TA;TOTAL_AMOUNT;Total with TAX
invoice-1226.tiff;1;1;2480;3508;150550;2183;2175;25;43;2183;2175;2208;2175;2208;2218;2183;2218;$;S;TA;TOTAL_AMOUNT;Total with TAX
invoice-1226.tiff;1;1;2480;3508;150551;1187;3175;150;43;1187;3175;1337;3175;1337;3218;1187;3218;AUDREY;AAAAAA;SN;SUPPLIER_NAME;Seller/Company) name
invoice-1226.tiff;1;1;2480;3508;150552;1362;3175;200;43;1362;3175;1562;3175;1562;3218;1362;3218;FEUILLET;AAAAAAAA;SN;SUPPLIER_NAME;Seller/Company) name
invoice-1226.tiff;1;1;2480;3508;150553;1187;3218;50;43;1187;3218;1237;3218;1237;3261;1187;3261;19;NN;SA;SUPPLIER_ADDRESS;Seller Address
invoice-1226.tiff;1;1;2480;3508;150554;1262;3218;75;43;1262;3218;1337;3218;1337;3261;1262;3261;RUE;AAA;SA;SUPPLIER_ADDRESS;Seller Address
invoice-1226.tiff;1;1;2480;3508;150555;1362;3218;150;43;1362;3218;1512;3218;1512;3261;1362;3261;CARNOT;AAAAAA;SA;SUPPLIER_ADDRESS;Seller Address
invoice-1226.tiff;1;1;2480;3508;150556;1187;3262;124;43;1187;3262;1311;3262;1311;3305;1187;3305;80110;NNNNN;SA;SUPPLIER_ADDRESS;Seller Address
invoice-1226.tiff;1;1;2480;3508;150557;1354;3262;175;43;1354;3262;1529;3262;1529;3305;1354;3305;MOREUIL;AAAAAAA;SA;SUPPLIER_ADDRESS;Seller Address
invoice-1226.tiff;1;1;2480;3508;150558;1187;3306;150;43;1187;3306;1337;3306;1337;3349;1187;3349;FRANCE;AAAAAA;SA;SUPPLIER_ADDRESS;Seller Address
