src;num_pages;page_id;page_width;page_height;id;col;row;width;height;x1;y1;x2;y2;x3;y3;x4;y4;contents;contents_masked;correctclass;tag;description
invoice-1200.tiff;1;1;2480;3508;147119;124;62;625;175;124;62;749;62;749;237;124;237;common/logo;AAAAAASAAAA;img;IMAGE;Image
invoice-1200.tiff;1;1;2480;3508;147120;750;237;182;48;750;237;932;237;932;285;750;285;AUCHAN;AAAAAA;SN;SUPPLIER_NAME;Seller/Company) name
invoice-1200.tiff;1;1;2480;3508;147121;943;237;326;48;943;237;1269;237;1269;285;943;285;SUPERMARCHE;AAAAAAAAAAA;SN;SUPPLIER_NAME;Seller/Company) name
invoice-1200.tiff;1;1;2480;3508;147122;750;285;62;45;750;285;812;285;812;330;750;330;191;NNN;SA;SUPPLIER_ADDRESS;Seller Address
invoice-1200.tiff;1;1;2480;3508;147123;822;285;81;45;822;285;903;285;903;330;822;330;RUE;AAA;SA;SUPPLIER_ADDRESS;Seller Address
invoice-1200.tiff;1;1;2480;3508;147124;914;285;30;45;914;285;944;285;944;330;914;330;D;A;SA;SUPPLIER_ADDRESS;Seller Address
invoice-1200.tiff;1;1;2480;3508;147125;954;285;134;45;954;285;1088;285;1088;330;954;330;ALESIA;AAAAAA;SA;SUPPLIER_ADDRESS;Seller Address
invoice-1200.tiff;1;1;2480;3508;147126;1097;285;13;45;1097;285;1110;285;1110;330;1097;330;-;S;SA;SUPPLIER_ADDRESS;Seller Address
invoice-1200.tiff;1;1;2480;3508;147127;1121;285;104;45;1121;285;1225;285;1225;330;1121;330;75014;NNNNN;SA;SUPPLIER_ADDRESS;Seller Address
invoice-1200.tiff;1;1;2480;3508;147128;1244;285;111;45;1244;285;1355;285;1355;330;1244;330;PARIS;AAAAA;SA;SUPPLIER_ADDRESS;Seller Address
invoice-1200.tiff;1;1;2480;3508;147129;1366;285;41;45;1366;285;1407;285;1407;330;1366;330;14;NN;SA;SUPPLIER_ADDRESS;Seller Address
invoice-1200.tiff;1;1;2480;3508;147130;1416;285;13;45;1416;285;1429;285;1429;330;1416;330;-;S;SA;SUPPLIER_ADDRESS;Seller Address
invoice-1200.tiff;1;1;2480;3508;147131;1440;285;157;45;1440;285;1597;285;1597;330;1440;330;FRANCE;AAAAAA;SA;SUPPLIER_ADDRESS;Seller Address
invoice-1200.tiff;1;1;2480;3508;147132;750;331;74;45;750;331;824;331;824;376;750;376;TVA;AAA;undefined;OTHER;OTHER
invoice-1200.tiff;1;1;2480;3508;147133;834;331;342;45;834;331;1176;331;1176;376;834;376;intracommunautaire;AAAAAAAAAAAAAAAAAA;undefined;OTHER;OTHER
invoice-1200.tiff;1;1;2480;3508;147134;1193;331;50;45;1193;331;1243;331;1243;376;1193;376;FR;AA;SVAT;SUPPLIER_VAT;Seller Vat Number/TVA
invoice-1200.tiff;1;1;2480;3508;147135;1255;331;41;45;1255;331;1296;331;1296;376;1255;376;60;NN;SVAT;SUPPLIER_VAT;Seller Vat Number/TVA
invoice-1200.tiff;1;1;2480;3508;147136;1307;331;62;45;1307;331;1369;331;1369;376;1307;376;809;NNN;SVAT;SUPPLIER_VAT;Seller Vat Number/TVA
invoice-1200.tiff;1;1;2480;3508;147137;1380;331;62;45;1380;331;1442;331;1442;376;1380;376;486;NNN;SVAT;SUPPLIER_VAT;Seller Vat Number/TVA
invoice-1200.tiff;1;1;2480;3508;147138;1453;331;62;45;1453;331;1515;331;1515;376;1453;376;938;NNN;SVAT;SUPPLIER_VAT;Seller Vat Number/TVA
invoice-1200.tiff;1;1;2480;3508;147139;750;377;67;45;750;377;817;377;817;422;750;422;Tel:;AAAS;undefined;OTHER;OTHER
invoice-1200.tiff;1;1;2480;3508;147140;842;377;69;45;842;377;911;377;911;422;842;422;+33;SNN;SCN;SUPPLIER_CONTACT_NUMBER;Seller Contact Number
invoice-1200.tiff;1;1;2480;3508;147141;922;377;48;45;922;377;970;377;970;422;922;422;(0);SNS;SCN;SUPPLIER_CONTACT_NUMBER;Seller Contact Number
invoice-1200.tiff;1;1;2480;3508;147142;981;377;20;45;981;377;1001;377;1001;422;981;422;5;N;SCN;SUPPLIER_CONTACT_NUMBER;Seller Contact Number
invoice-1200.tiff;1;1;2480;3508;147143;1012;377;41;45;1012;377;1053;377;1053;422;1012;422;47;NN;SCN;SUPPLIER_CONTACT_NUMBER;Seller Contact Number
invoice-1200.tiff;1;1;2480;3508;147144;1064;377;41;45;1064;377;1105;377;1105;422;1064;422;13;NN;SCN;SUPPLIER_CONTACT_NUMBER;Seller Contact Number
invoice-1200.tiff;1;1;2480;3508;147145;1116;377;41;45;1116;377;1157;377;1157;422;1116;422;97;NN;SCN;SUPPLIER_CONTACT_NUMBER;Seller Contact Number
invoice-1200.tiff;1;1;2480;3508;147146;1168;377;41;45;1168;377;1209;377;1209;422;1168;422;19;NN;SCN;SUPPLIER_CONTACT_NUMBER;Seller Contact Number
invoice-1200.tiff;1;1;2480;3508;147147;1252;377;78;45;1252;377;1330;377;1330;422;1252;422;Fax:;AAAS;undefined;OTHER;OTHER
invoice-1200.tiff;1;1;2480;3508;147148;1355;377;69;45;1355;377;1424;377;1424;422;1355;422;+33;SNN;SFAX;SUPPLIER_FAX_NUMBER;Seller Fax Number
invoice-1200.tiff;1;1;2480;3508;147149;1436;377;48;45;1436;377;1484;377;1484;422;1436;422;(0);SNS;SFAX;SUPPLIER_FAX_NUMBER;Seller Fax Number
invoice-1200.tiff;1;1;2480;3508;147150;1495;377;20;45;1495;377;1515;377;1515;422;1495;422;5;N;SFAX;SUPPLIER_FAX_NUMBER;Seller Fax Number
invoice-1200.tiff;1;1;2480;3508;147151;1526;377;41;45;1526;377;1567;377;1567;422;1526;422;47;NN;SFAX;SUPPLIER_FAX_NUMBER;Seller Fax Number
invoice-1200.tiff;1;1;2480;3508;147152;1578;377;41;45;1578;377;1619;377;1619;422;1578;422;13;NN;SFAX;SUPPLIER_FAX_NUMBER;Seller Fax Number
invoice-1200.tiff;1;1;2480;3508;147153;1630;377;41;45;1630;377;1671;377;1671;422;1630;422;10;NN;SFAX;SUPPLIER_FAX_NUMBER;Seller Fax Number
invoice-1200.tiff;1;1;2480;3508;147154;1682;377;41;45;1682;377;1723;377;1723;422;1682;422;00;NN;SFAX;SUPPLIER_FAX_NUMBER;Seller Fax Number
invoice-1200.tiff;1;1;2480;3508;147155;124;607;169;57;124;607;293;607;293;664;124;664;Adresse;AAAAAAA;undefined;OTHER;OTHER
invoice-1200.tiff;1;1;2480;3508;147156;306;607;205;57;306;607;511;607;511;664;306;664;Livraison;AAAAAAAAA;undefined;OTHER;OTHER
invoice-1200.tiff;1;1;2480;3508;147167;1541;607;169;57;1541;607;1710;607;1710;664;1541;664;Adresse;AAAAAAA;undefined;OTHER;OTHER
invoice-1200.tiff;1;1;2480;3508;147168;1723;607;252;57;1723;607;1975;607;1975;664;1723;664;Facturation;AAAAAAAAAAA;undefined;OTHER;OTHER
invoice-1200.tiff;1;1;2480;3508;147157;124;664;78;48;124;664;202;664;202;712;124;712;Prof;AAAA;SHN;SHIPPING_NAME;Shipping Name
invoice-1200.tiff;1;1;2480;3508;147158;214;664;127;48;214;664;341;664;341;712;214;712;Arthur;AAAAAA;SHN;SHIPPING_NAME;Shipping Name
invoice-1200.tiff;1;1;2480;3508;147159;351;664;87;48;351;664;438;664;438;712;351;712;Huet;AAAA;SHN;SHIPPING_NAME;Shipping Name
invoice-1200.tiff;1;1;2480;3508;147169;1541;664;78;48;1541;664;1619;664;1619;712;1541;712;Prof;AAAA;BN;BILLING_NAME;Billing Name
invoice-1200.tiff;1;1;2480;3508;147170;1630;664;127;48;1630;664;1757;664;1757;712;1630;712;Arthur;AAAAAA;BN;BILLING_NAME;Billing Name
invoice-1200.tiff;1;1;2480;3508;147171;1768;664;87;48;1768;664;1855;664;1855;712;1768;712;Huet;AAAA;BN;BILLING_NAME;Billing Name
invoice-1200.tiff;1;1;2480;3508;147160;124;712;52;45;124;712;176;712;176;757;124;757;15,;NNS;SHA;SHIPPING_ADDRESS;Shipping Address
invoice-1200.tiff;1;1;2480;3508;147161;187;712;120;45;187;712;307;712;307;757;187;757;chemin;AAAAAA;SHA;SHIPPING_ADDRESS;Shipping Address
invoice-1200.tiff;1;1;2480;3508;147162;318;712;41;45;318;712;359;712;359;757;318;757;du;AA;SHA;SHIPPING_ADDRESS;Shipping Address
invoice-1200.tiff;1;1;2480;3508;147163;370;712;120;45;370;712;490;712;490;757;370;757;fournel;AAAAAAA;SHA;SHIPPING_ADDRESS;Shipping Address
invoice-1200.tiff;1;1;2480;3508;147172;1541;712;52;45;1541;712;1593;712;1593;757;1541;757;26,;NNS;BA;BILLING_ADDRESS;Billing Address
invoice-1200.tiff;1;1;2480;3508;147173;1604;712;32;45;1604;712;1636;712;1636;757;1604;757;la;AA;BA;BILLING_ADDRESS;Billing Address
invoice-1200.tiff;1;1;2480;3508;147174;1646;712;81;45;1646;712;1727;712;1727;757;1646;757;dune;AAAA;BA;BILLING_ADDRESS;Billing Address
invoice-1200.tiff;1;1;2480;3508;147164;124;758;104;45;124;758;228;758;228;803;124;803;38840;NNNNN;SHA;SHIPPING_ADDRESS;Shipping Address
invoice-1200.tiff;1;1;2480;3508;147165;270;758;212;45;270;758;482;758;482;803;270;803;Saint-Lattier;AAAAASAAAAAAA;SHA;SHIPPING_ADDRESS;Shipping Address
invoice-1200.tiff;1;1;2480;3508;147175;1541;758;104;45;1541;758;1645;758;1645;803;1541;803;50480;NNNNN;BA;BILLING_ADDRESS;Billing Address
invoice-1200.tiff;1;1;2480;3508;147176;1687;758;451;45;1687;758;2138;758;2138;803;1687;803;Saint-Martin-de-Varreville;AAAAASAAAAAASAASAAAAAAAAAA;BA;BILLING_ADDRESS;Billing Address
invoice-1200.tiff;1;1;2480;3508;147166;124;804;120;45;124;804;244;804;244;849;124;849;France;AAAAAA;SHA;SHIPPING_ADDRESS;Shipping Address
invoice-1200.tiff;1;1;2480;3508;147177;1541;804;120;45;1541;804;1661;804;1661;849;1541;849;France;AAAAAA;BA;BILLING_ADDRESS;Billing Address
invoice-1200.tiff;1;1;2480;3508;147178;1541;1047;51;52;1541;1047;1592;1047;1592;1099;1541;1099;N°;AS;undefined;OTHER;OTHER
invoice-1200.tiff;1;1;2480;3508;147179;1604;1047;139;52;1604;1047;1743;1047;1743;1099;1604;1099;facture;AAAAAAA;undefined;OTHER;OTHER
invoice-1200.tiff;1;1;2480;3508;147180;2166;1047;222;46;2166;1047;2388;1047;2388;1093;2166;1093;8442-743202;NNNNSNNNNNN;IN;INVOICE_NUMBER;Invoice Number
invoice-1200.tiff;1;1;2480;3508;147181;1541;1121;58;52;1541;1121;1599;1121;1599;1173;1541;1173;Du;AA;undefined;OTHER;OTHER
invoice-1200.tiff;1;1;2480;3508;147182;2166;1121;41;46;2166;1121;2207;1121;2207;1167;2166;1167;30;NN;IDATE;INVOICE_DATE;Invoice Date
invoice-1200.tiff;1;1;2480;3508;147183;2218;1121;62;46;2218;1121;2280;1121;2280;1167;2218;1167;nov;AAA;IDATE;INVOICE_DATE;Invoice Date
invoice-1200.tiff;1;1;2480;3508;147184;2291;1121;83;46;2291;1121;2374;1121;2374;1167;2291;1167;2019;NNNN;IDATE;INVOICE_DATE;Invoice Date
invoice-1200.tiff;1;1;2480;3508;147185;1541;1194;134;52;1541;1194;1675;1194;1675;1246;1541;1246;Moyen;AAAAA;undefined;OTHER;OTHER
invoice-1200.tiff;1;1;2480;3508;147186;1688;1194;45;52;1688;1194;1733;1194;1733;1246;1688;1246;de;AA;undefined;OTHER;OTHER
invoice-1200.tiff;1;1;2480;3508;147187;1745;1194;180;52;1745;1194;1925;1194;1925;1246;1745;1246;paiement;AAAAAAAA;undefined;OTHER;OTHER
invoice-1200.tiff;1;1;2480;3508;147188;2166;1194;55;46;2166;1194;2221;1194;2221;1240;2166;1240;CB;AA;PMODE;PAYMENT_MODE;Payment Mode
invoice-1200.tiff;1;1;2480;3508;147189;161;1699;92;52;161;1699;253;1699;253;1751;161;1751;Non.;AAAS;undefined;OTHER;OTHER
invoice-1200.tiff;1;1;2480;3508;147190;401;1699;71;52;401;1699;472;1699;472;1751;401;1751;Qté;AAA;undefined;OTHER;OTHER
invoice-1200.tiff;1;1;2480;3508;147191;863;1699;231;52;863;1699;1094;1699;1094;1751;863;1751;Désignation;AAAAAAAAAAA;undefined;OTHER;OTHER
invoice-1200.tiff;1;1;2480;3508;147192;1490;1699;61;52;1490;1699;1551;1699;1551;1751;1490;1751;UP;AA;undefined;OTHER;OTHER
invoice-1200.tiff;1;1;2480;3508;147193;1764;1699;96;52;1764;1699;1860;1699;1860;1751;1764;1751;TVA;AAA;undefined;OTHER;OTHER
invoice-1200.tiff;1;1;2480;3508;147194;1968;1699;170;52;1968;1699;2138;1699;2138;1751;1968;1751;Montant;AAAAAAA;undefined;OTHER;OTHER
invoice-1200.tiff;1;1;2480;3508;147195;2150;1699;89;52;2150;1699;2239;1699;2239;1751;2150;1751;H.T.;ASAS;undefined;OTHER;OTHER
invoice-1200.tiff;1;1;2480;3508;147196;197;1773;20;48;197;1773;217;1773;217;1821;197;1821;1;N;undefined;OTHER;OTHER
invoice-1200.tiff;1;1;2480;3508;147197;427;1773;20;48;427;1773;447;1773;447;1821;427;1821;3;N;undefined;OTHER;OTHER
invoice-1200.tiff;1;1;2480;3508;147198;583;1773;87;48;583;1773;670;1773;670;1821;583;1821;Lave;AAAA;undefined;OTHER;OTHER
invoice-1200.tiff;1;1;2480;3508;147199;681;1773;145;48;681;1773;826;1773;826;1821;681;1821;vaisselle;AAAAAAAAA;undefined;OTHER;OTHER
invoice-1200.tiff;1;1;2480;3508;147200;837;1773;41;48;837;1773;878;1773;878;1821;837;1821;45;NN;undefined;OTHER;OTHER
invoice-1200.tiff;1;1;2480;3508;147201;890;1773;53;48;890;1773;943;1773;943;1821;890;1821;cm;AA;undefined;OTHER;OTHER
invoice-1200.tiff;1;1;2480;3508;147202;953;1773;180;48;953;1773;1133;1773;1133;1821;953;1821;Essentielb;AAAAAAAAAA;undefined;OTHER;OTHER
invoice-1200.tiff;1;1;2480;3508;147203;1144;1773;222;48;1144;1773;1366;1773;1366;1821;1144;1821;ELVS3-458s;AAAANSNNNA;undefined;OTHER;OTHER
invoice-1200.tiff;1;1;2480;3508;147205;1447;1773;114;48;1447;1773;1561;1773;1561;1821;1447;1821;332,50;NNNSNN;undefined;OTHER;OTHER
invoice-1200.tiff;1;1;2480;3508;147206;1572;1773;20;48;1572;1773;1592;1773;1592;1821;1572;1821;$;S;undefined;OTHER;OTHER
invoice-1200.tiff;1;1;2480;3508;147207;1755;1773;114;48;1755;1773;1869;1773;1869;1821;1755;1821;20.0%;NNSNS;undefined;OTHER;OTHER
invoice-1200.tiff;1;1;2480;3508;147208;2031;1773;114;48;2031;1773;2145;1773;2145;1821;2031;1821;997,50;NNNSNN;undefined;OTHER;OTHER
invoice-1200.tiff;1;1;2480;3508;147209;2156;1773;20;48;2156;1773;2176;1773;2176;1821;2156;1821;$;S;undefined;OTHER;OTHER
invoice-1200.tiff;1;1;2480;3508;147204;583;1821;104;48;583;1821;687;1821;687;1869;583;1869;Silver;AAAAAA;undefined;OTHER;OTHER
invoice-1200.tiff;1;1;2480;3508;147210;1749;1952;170;52;1749;1952;1919;1952;1919;2004;1749;2004;Montant;AAAAAAA;undefined;OTHER;OTHER
invoice-1200.tiff;1;1;2480;3508;147211;1931;1952;89;52;1931;1952;2020;1952;2020;2004;1931;2004;H.T.;ASAS;undefined;OTHER;OTHER
invoice-1200.tiff;1;1;2480;3508;147212;2062;1952;114;48;2062;1952;2176;1952;2176;2000;2062;2000;997,50;NNNSNN;TWTX;TOTAL_WITHOUT_TAX;TWTXS
invoice-1200.tiff;1;1;2480;3508;147213;2187;1952;20;48;2187;1952;2207;1952;2207;2000;2187;2000;$;S;TWTX;TOTAL_WITHOUT_TAX;TWTXS
invoice-1200.tiff;1;1;2480;3508;147214;1742;2005;170;52;1742;2005;1912;2005;1912;2057;1742;2057;Montant;AAAAAAA;undefined;OTHER;OTHER
invoice-1200.tiff;1;1;2480;3508;147215;1924;2005;96;52;1924;2005;2020;2005;2020;2057;1924;2057;TVA;AAA;undefined;OTHER;OTHER
invoice-1200.tiff;1;1;2480;3508;147216;2062;2005;114;48;2062;2005;2176;2005;2176;2053;2062;2053;199,50;NNNSNN;TTX;TOTAL_TAX;Total Tax
invoice-1200.tiff;1;1;2480;3508;147217;2187;2005;20;48;2187;2005;2207;2005;2207;2053;2187;2053;$;S;TTX;TOTAL_TAX;Total Tax
invoice-1200.tiff;1;1;2480;3508;147218;1723;2058;170;52;1723;2058;1893;2058;1893;2110;1723;2110;Montant;AAAAAAA;undefined;OTHER;OTHER
invoice-1200.tiff;1;1;2480;3508;147219;1905;2058;94;52;1905;2058;1999;2058;1999;2110;1905;2110;TTC;AAA;undefined;OTHER;OTHER
invoice-1200.tiff;1;1;2480;3508;147220;2041;2058;135;48;2041;2058;2176;2058;2176;2106;2041;2106;1197,00;NNNNSNN;TA;TOTAL_AMOUNT;Total with TAX
invoice-1200.tiff;1;1;2480;3508;147221;2187;2058;20;48;2187;2058;2207;2058;2207;2106;2187;2106;$;S;TA;TOTAL_AMOUNT;Total with TAX
invoice-1200.tiff;1;1;2480;3508;147222;1730;3154;182;48;1730;3154;1912;3154;1912;3202;1730;3202;AUCHAN;AAAAAA;SN;SUPPLIER_NAME;Seller/Company) name
invoice-1200.tiff;1;1;2480;3508;147223;1923;3154;326;48;1923;3154;2249;3154;2249;3202;1923;3202;SUPERMARCHE;AAAAAAAAAAA;SN;SUPPLIER_NAME;Seller/Company) name
invoice-1200.tiff;1;1;2480;3508;147224;1383;3202;62;45;1383;3202;1445;3202;1445;3247;1383;3247;191;NNN;SA;SUPPLIER_ADDRESS;Seller Address
invoice-1200.tiff;1;1;2480;3508;147225;1456;3202;81;45;1456;3202;1537;3202;1537;3247;1456;3247;RUE;AAA;SA;SUPPLIER_ADDRESS;Seller Address
invoice-1200.tiff;1;1;2480;3508;147226;1547;3202;30;45;1547;3202;1577;3202;1577;3247;1547;3247;D;A;SA;SUPPLIER_ADDRESS;Seller Address
invoice-1200.tiff;1;1;2480;3508;147227;1588;3202;134;45;1588;3202;1722;3202;1722;3247;1588;3247;ALESIA;AAAAAA;SA;SUPPLIER_ADDRESS;Seller Address
invoice-1200.tiff;1;1;2480;3508;147228;1730;3202;13;45;1730;3202;1743;3202;1743;3247;1730;3247;-;S;SA;SUPPLIER_ADDRESS;Seller Address
invoice-1200.tiff;1;1;2480;3508;147229;1755;3202;104;45;1755;3202;1859;3202;1859;3247;1755;3247;75014;NNNNN;SA;SUPPLIER_ADDRESS;Seller Address
invoice-1200.tiff;1;1;2480;3508;147230;1878;3202;111;45;1878;3202;1989;3202;1989;3247;1878;3247;PARIS;AAAAA;SA;SUPPLIER_ADDRESS;Seller Address
invoice-1200.tiff;1;1;2480;3508;147231;1999;3202;41;45;1999;3202;2040;3202;2040;3247;1999;3247;14;NN;SA;SUPPLIER_ADDRESS;Seller Address
invoice-1200.tiff;1;1;2480;3508;147232;2049;3202;13;45;2049;3202;2062;3202;2062;3247;2049;3247;-;S;SA;SUPPLIER_ADDRESS;Seller Address
invoice-1200.tiff;1;1;2480;3508;147233;2073;3202;157;45;2073;3202;2230;3202;2230;3247;2073;3247;FRANCE;AAAAAA;SA;SUPPLIER_ADDRESS;Seller Address
