src;num_pages;page_id;page_width;page_height;id;col;row;width;height;x1;y1;x2;y2;x3;y3;x4;y4;contents;contents_masked;correctclass;tag;description
invoice-209.tiff;1;1;2480;3508;26088;124;62;313;175;124;62;437;62;437;237;124;237;common/logo;AAAAAASAAAA;img;IMAGE;Image
invoice-209.tiff;1;1;2480;3508;26089;833;237;196;48;833;237;1029;237;1029;285;833;285;Téléphone;AAAAAAAAA;undefined;OTHER;OTHER
invoice-209.tiff;1;1;2480;3508;26090;1092;237;287;48;1092;237;1379;237;1379;285;1092;285;06-07-01-13-53;NNSNNSNNSNNSNN;SCN;SUPPLIER_CONTACT_NUMBER;Seller Contact Number
invoice-209.tiff;1;1;2480;3508;26093;1541;237;182;49;1541;237;1723;237;1723;286;1541;286;TOKMAK;AAAAAA;SN;SUPPLIER_NAME;Seller/Company) name
invoice-209.tiff;1;1;2480;3508;26091;833;285;180;48;833;285;1013;285;1013;333;833;333;Télécopie;AAAAAAAAA;undefined;OTHER;OTHER
invoice-209.tiff;1;1;2480;3508;26092;1076;285;287;48;1076;285;1363;285;1363;333;1076;333;06-07-01-20-83;NNSNNSNNSNNSNN;SFAX;SUPPLIER_FAX_NUMBER;Seller Fax Number
invoice-209.tiff;1;1;2480;3508;26094;1541;287;87;48;1541;287;1628;287;1628;335;1541;335;RUE;AAA;SA;SUPPLIER_ADDRESS;Seller Address
invoice-209.tiff;1;1;2480;3508;26095;1641;287;57;48;1641;287;1698;287;1698;335;1641;335;DE;AA;SA;SUPPLIER_ADDRESS;Seller Address
invoice-209.tiff;1;1;2480;3508;26096;1710;287;222;48;1710;287;1932;287;1932;335;1710;335;FLANDRES;AAAAAAAA;SA;SUPPLIER_ADDRESS;Seller Address
invoice-209.tiff;1;1;2480;3508;26097;1541;335;115;48;1541;335;1656;335;1656;383;1541;383;60700;NNNNN;SA;SUPPLIER_ADDRESS;Seller Address
invoice-209.tiff;1;1;2480;3508;26098;1699;335;115;48;1699;335;1814;335;1814;383;1699;383;PONT;AAAA;SA;SUPPLIER_ADDRESS;Seller Address
invoice-209.tiff;1;1;2480;3508;26099;1826;335;150;48;1826;335;1976;335;1976;383;1826;383;SAINTE;AAAAAA;SA;SUPPLIER_ADDRESS;Seller Address
invoice-209.tiff;1;1;2480;3508;26100;1988;335;206;48;1988;335;2194;335;2194;383;1988;383;MAXENCE;AAAAAAA;SA;SUPPLIER_ADDRESS;Seller Address
invoice-209.tiff;1;1;2480;3508;26101;1541;383;171;48;1541;383;1712;383;1712;431;1541;431;FRANCE;AAAAAA;SA;SUPPLIER_ADDRESS;Seller Address
invoice-209.tiff;1;1;2480;3508;26102;124;620;197;59;124;620;321;620;321;679;124;679;Adresse;AAAAAAA;undefined;OTHER;OTHER
invoice-209.tiff;1;1;2480;3508;26103;336;620;222;59;336;620;558;620;558;679;336;679;Livraison;AAAAAAAAA;undefined;OTHER;OTHER
invoice-209.tiff;1;1;2480;3508;26104;124;680;118;49;124;680;242;680;242;729;124;729;Pierre;AAAAAA;SHN;SHIPPING_NAME;Shipping Name
invoice-209.tiff;1;1;2480;3508;26105;254;680;90;49;254;680;344;680;344;729;254;729;Petit;AAAAA;SHN;SHIPPING_NAME;Shipping Name
invoice-209.tiff;1;1;2480;3508;26112;1541;680;118;49;1541;680;1659;680;1659;729;1541;729;Pierre;AAAAAA;BN;BILLING_NAME;Billing Name
invoice-209.tiff;1;1;2480;3508;26113;1671;680;90;49;1671;680;1761;680;1761;729;1671;729;Petit;AAAAA;BN;BILLING_NAME;Billing Name
invoice-209.tiff;1;1;2480;3508;26106;124;729;34;48;124;729;158;729;158;777;124;777;9,;NS;SHA;SHIPPING_ADDRESS;Shipping Address
invoice-209.tiff;1;1;2480;3508;26107;171;729;32;48;171;729;203;729;203;777;171;777;la;AA;SHA;SHIPPING_ADDRESS;Shipping Address
invoice-209.tiff;1;1;2480;3508;26108;215;729;127;48;215;729;342;729;342;777;215;777;vergne;AAAAAA;SHA;SHIPPING_ADDRESS;Shipping Address
invoice-209.tiff;1;1;2480;3508;26114;1541;729;34;48;1541;729;1575;729;1575;777;1541;777;9,;NS;BA;BILLING_ADDRESS;Billing Address
invoice-209.tiff;1;1;2480;3508;26115;1587;729;32;48;1587;729;1619;729;1619;777;1587;777;la;AA;BA;BILLING_ADDRESS;Billing Address
invoice-209.tiff;1;1;2480;3508;26116;1631;729;127;48;1631;729;1758;729;1758;777;1631;777;vergne;AAAAAA;BA;BILLING_ADDRESS;Billing Address
invoice-209.tiff;1;1;2480;3508;26109;124;778;115;48;124;778;239;778;239;826;124;826;33240;NNNNN;SHA;SHIPPING_ADDRESS;Shipping Address
invoice-209.tiff;1;1;2480;3508;26110;282;778;159;48;282;778;441;778;441;826;282;826;Périssac;AAAAAAAA;SHA;SHIPPING_ADDRESS;Shipping Address
invoice-209.tiff;1;1;2480;3508;26117;1541;778;115;48;1541;778;1656;778;1656;826;1541;826;33240;NNNNN;BA;BILLING_ADDRESS;Billing Address
invoice-209.tiff;1;1;2480;3508;26118;1699;778;159;48;1699;778;1858;778;1858;826;1699;826;Périssac;AAAAAAAA;BA;BILLING_ADDRESS;Billing Address
invoice-209.tiff;1;1;2480;3508;26111;124;826;129;48;124;826;253;826;253;874;124;874;France;AAAAAA;SHA;SHIPPING_ADDRESS;Shipping Address
invoice-209.tiff;1;1;2480;3508;26119;1541;826;129;48;1541;826;1670;826;1670;874;1541;874;France;AAAAAA;BA;BILLING_ADDRESS;Billing Address
invoice-209.tiff;1;1;2480;3508;26120;124;1069;51;54;124;1069;175;1069;175;1123;124;1123;N°;AS;undefined;OTHER;OTHER
invoice-209.tiff;1;1;2480;3508;26121;189;1069;152;54;189;1069;341;1069;341;1123;189;1123;facture;AAAAAAA;undefined;OTHER;OTHER
invoice-209.tiff;1;1;2480;3508;26122;750;1069;231;48;750;1069;981;1069;981;1117;750;1117;8952873933;NNNNNNNNNN;IN;INVOICE_NUMBER;Invoice Number
invoice-209.tiff;1;1;2480;3508;26133;1541;1106;51;54;1541;1106;1592;1106;1592;1160;1541;1160;N°;AS;undefined;OTHER;OTHER
invoice-209.tiff;1;1;2480;3508;26134;1605;1106;119;54;1605;1106;1724;1106;1724;1160;1605;1160;client;AAAAAA;undefined;OTHER;OTHER
invoice-209.tiff;1;1;2480;3508;26135;2166;1106;115;48;2166;1106;2281;1106;2281;1154;2166;1154;54286;NNNNN;CNUM;CLIENT_NUMBER;Client Number
invoice-209.tiff;1;1;2480;3508;26123;124;1144;99;54;124;1144;223;1144;223;1198;124;1198;Date;AAAA;undefined;OTHER;OTHER
invoice-209.tiff;1;1;2480;3508;26124;237;1144;53;54;237;1144;290;1144;290;1198;237;1198;de;AA;undefined;OTHER;OTHER
invoice-209.tiff;1;1;2480;3508;26125;303;1144;38;54;303;1144;341;1144;341;1198;303;1198;la;AA;undefined;OTHER;OTHER
invoice-209.tiff;1;1;2480;3508;26126;354;1144;152;54;354;1144;506;1144;506;1198;354;1198;facture;AAAAAAA;undefined;OTHER;OTHER
invoice-209.tiff;1;1;2480;3508;26127;750;1144;46;48;750;1144;796;1144;796;1192;750;1192;26;NN;IDATE;INVOICE_DATE;Invoice Date
invoice-209.tiff;1;1;2480;3508;26128;807;1144;55;48;807;1144;862;1144;862;1192;807;1192;jun;AAA;IDATE;INVOICE_DATE;Invoice Date
invoice-209.tiff;1;1;2480;3508;26129;875;1144;92;48;875;1144;967;1144;967;1192;875;1192;1980;NNNN;IDATE;INVOICE_DATE;Invoice Date
invoice-209.tiff;1;1;2480;3508;26136;1541;1182;119;54;1541;1182;1660;1182;1660;1236;1541;1236;Mode;AAAA;undefined;OTHER;OTHER
invoice-209.tiff;1;1;2480;3508;26137;1674;1182;53;54;1674;1182;1727;1182;1727;1236;1674;1236;de;AA;undefined;OTHER;OTHER
invoice-209.tiff;1;1;2480;3508;26138;1740;1182;219;54;1740;1182;1959;1182;1959;1236;1740;1236;règlement;AAAAAAAAA;undefined;OTHER;OTHER
invoice-209.tiff;1;1;2480;3508;26139;2166;1182;57;48;2166;1182;2223;1182;2223;1230;2166;1230;CB;AA;PMODE;PAYMENT_MODE;Payment Mode
invoice-209.tiff;1;1;2480;3508;26130;124;1219;51;54;124;1219;175;1219;175;1273;124;1273;N°;AS;undefined;OTHER;OTHER
invoice-209.tiff;1;1;2480;3508;26131;189;1219;241;54;189;1219;430;1219;430;1273;189;1273;commande;AAAAAAAA;undefined;OTHER;OTHER
invoice-209.tiff;1;1;2480;3508;26132;750;1219;92;48;750;1219;842;1219;842;1267;750;1267;4352;NNNN;ONUM;ORDER_NUMBER;Order Number
invoice-209.tiff;1;1;2480;3508;26140;157;1723;101;54;157;1723;258;1723;258;1777;157;1777;Non.;AAAS;undefined;OTHER;OTHER
invoice-209.tiff;1;1;2480;3508;26141;556;1723;262;54;556;1723;818;1723;818;1777;556;1777;Désignation;AAAAAAAAAAA;undefined;OTHER;OTHER
invoice-209.tiff;1;1;2480;3508;26142;1190;1723;76;54;1190;1723;1266;1723;1266;1777;1190;1777;Qté;AAA;undefined;OTHER;OTHER
invoice-209.tiff;1;1;2480;3508;26143;1489;1723;63;54;1489;1723;1552;1723;1552;1777;1489;1777;UP;AA;undefined;OTHER;OTHER
invoice-209.tiff;1;1;2480;3508;26144;1766;1723;91;54;1766;1723;1857;1723;1857;1777;1766;1777;TVA;AAA;undefined;OTHER;OTHER
invoice-209.tiff;1;1;2480;3508;26145;1965;1723;178;54;1965;1723;2143;1723;2143;1777;1965;1777;Montant;AAAAAAA;undefined;OTHER;OTHER
invoice-209.tiff;1;1;2480;3508;26146;2156;1723;86;54;2156;1723;2242;1723;2242;1777;2156;1777;H.T.;ASAS;undefined;OTHER;OTHER
invoice-209.tiff;1;1;2480;3508;26147;196;1799;23;49;196;1799;219;1799;219;1848;196;1848;1;N;undefined;OTHER;OTHER
invoice-209.tiff;1;1;2480;3508;26148;291;1799;303;49;291;1799;594;1799;594;1848;291;1848;Télécommande;AAAAAAAAAAAA;undefined;OTHER;OTHER
invoice-209.tiff;1;1;2480;3508;26149;606;1799;217;49;606;1799;823;1799;823;1848;606;1848;universelle;AAAAAAAAAAA;undefined;OTHER;OTHER
invoice-209.tiff;1;1;2480;3508;26150;835;1799;173;49;835;1799;1008;1799;1008;1848;835;1848;Logitech;AAAAAAAA;undefined;OTHER;OTHER
invoice-209.tiff;1;1;2480;3508;26153;1217;1799;23;49;1217;1799;1240;1799;1240;1848;1217;1848;4;N;undefined;OTHER;OTHER
invoice-209.tiff;1;1;2480;3508;26154;1418;1799;104;49;1418;1799;1522;1799;1522;1848;1418;1848;83,30;NNSNN;undefined;OTHER;OTHER
invoice-209.tiff;1;1;2480;3508;26155;1534;1799;87;49;1534;1799;1621;1799;1621;1848;1534;1848;EUR;AAA;undefined;OTHER;OTHER
invoice-209.tiff;1;1;2480;3508;26156;1753;1799;118;49;1753;1799;1871;1799;1871;1848;1753;1848;20.0%;NNSNS;undefined;OTHER;OTHER
invoice-209.tiff;1;1;2480;3508;26157;1990;1799;127;49;1990;1799;2117;1799;2117;1848;1990;1848;333,20;NNNSNN;undefined;OTHER;OTHER
invoice-209.tiff;1;1;2480;3508;26158;2129;1799;87;49;2129;1799;2216;1799;2216;1848;2129;1848;EUR;AAA;undefined;OTHER;OTHER
invoice-209.tiff;1;1;2480;3508;26151;291;1848;180;49;291;1848;471;1848;471;1897;291;1897;Harmony;AAAAAAA;undefined;OTHER;OTHER
invoice-209.tiff;1;1;2480;3508;26152;483;1848;229;49;483;1848;712;1848;712;1897;483;1897;Companion;AAAAAAAAA;undefined;OTHER;OTHER
invoice-209.tiff;1;1;2480;3508;26159;196;1939;23;49;196;1939;219;1939;219;1988;196;1988;2;N;undefined;OTHER;OTHER
invoice-209.tiff;1;1;2480;3508;26160;291;1939;53;49;291;1939;344;1939;344;1988;291;1988;TV;AA;undefined;OTHER;OTHER
invoice-209.tiff;1;1;2480;3508;26161;356;1939;83;49;356;1939;439;1939;439;1988;356;1988;LED;AAA;undefined;OTHER;OTHER
invoice-209.tiff;1;1;2480;3508;26162;451;1939;101;49;451;1939;552;1939;552;1988;451;1988;Sony;AAAA;undefined;OTHER;OTHER
invoice-209.tiff;1;1;2480;3508;26163;564;1939;254;49;564;1939;818;1939;818;1988;564;1988;KD43XE7096;AANNAANNNN;undefined;OTHER;OTHER
invoice-209.tiff;1;1;2480;3508;26164;1217;1939;23;49;1217;1939;1240;1939;1240;1988;1217;1988;3;N;undefined;OTHER;OTHER
invoice-209.tiff;1;1;2480;3508;26165;1407;1939;127;49;1407;1939;1534;1939;1534;1988;1407;1988;540,83;NNNSNN;undefined;OTHER;OTHER
invoice-209.tiff;1;1;2480;3508;26166;1546;1939;87;49;1546;1939;1633;1939;1633;1988;1546;1988;EUR;AAA;undefined;OTHER;OTHER
invoice-209.tiff;1;1;2480;3508;26167;1753;1939;118;49;1753;1939;1871;1939;1871;1988;1753;1988;20.0%;NNSNS;undefined;OTHER;OTHER
invoice-209.tiff;1;1;2480;3508;26168;1979;1939;150;49;1979;1939;2129;1939;2129;1988;1979;1988;1622,50;NNNNSNN;undefined;OTHER;OTHER
invoice-209.tiff;1;1;2480;3508;26169;2141;1939;87;49;2141;1939;2228;1939;2228;1988;2141;1988;EUR;AAA;undefined;OTHER;OTHER
invoice-209.tiff;1;1;2480;3508;26170;1395;2072;152;54;1395;2072;1547;2072;1547;2126;1395;2126;TOTAL;AAAAA;undefined;OTHER;OTHER
invoice-209.tiff;1;1;2480;3508;26171;1561;2072;175;54;1561;2072;1736;2072;1736;2126;1561;2126;REMISE;AAAAAA;undefined;OTHER;OTHER
invoice-209.tiff;1;1;2480;3508;26172;1749;2072;257;54;1749;2072;2006;2072;2006;2126;1749;2126;IMMEDIATE;AAAAAAAAA;undefined;OTHER;OTHER
invoice-209.tiff;1;1;2480;3508;26173;2027;2072;81;49;2027;2072;2108;2072;2108;2121;2027;2121;0,00;NSNN;undefined;OTHER;OTHER
invoice-209.tiff;1;1;2480;3508;26174;2120;2072;87;49;2120;2072;2207;2072;2207;2121;2120;2121;EUR;AAA;undefined;OTHER;OTHER
invoice-209.tiff;1;1;2480;3508;26175;1639;2127;178;54;1639;2127;1817;2127;1817;2181;1639;2181;Montant;AAAAAAA;undefined;OTHER;OTHER
invoice-209.tiff;1;1;2480;3508;26176;1829;2127;86;54;1829;2127;1915;2127;1915;2181;1829;2181;H.T.;ASAS;undefined;OTHER;OTHER
invoice-209.tiff;1;1;2480;3508;26177;1958;2127;150;49;1958;2127;2108;2127;2108;2176;1958;2176;1955,70;NNNNSNN;TWTX;TOTAL_WITHOUT_TAX;TWTXS
invoice-209.tiff;1;1;2480;3508;26178;2120;2127;87;49;2120;2127;2207;2127;2207;2176;2120;2176;EUR;AAA;TWTX;TOTAL_WITHOUT_TAX;TWTXS
invoice-209.tiff;1;1;2480;3508;26181;1981;2181;127;49;1981;2181;2108;2181;2108;2230;1981;2230;391,14;NNNSNN;TTX;TOTAL_TAX;Total Tax
invoice-209.tiff;1;1;2480;3508;26182;2120;2181;87;49;2120;2181;2207;2181;2207;2230;2120;2230;EUR;AAA;TTX;TOTAL_TAX;Total Tax
invoice-209.tiff;1;1;2480;3508;26179;1657;2182;178;54;1657;2182;1835;2182;1835;2236;1657;2236;Montant;AAAAAAA;undefined;OTHER;OTHER
invoice-209.tiff;1;1;2480;3508;26180;1848;2182;91;54;1848;2182;1939;2182;1939;2236;1848;2236;TVA;AAA;undefined;OTHER;OTHER
invoice-209.tiff;1;1;2480;3508;26183;1636;2236;178;54;1636;2236;1814;2236;1814;2290;1636;2290;Montant;AAAAAAA;undefined;OTHER;OTHER
invoice-209.tiff;1;1;2480;3508;26184;1827;2236;89;54;1827;2236;1916;2236;1916;2290;1827;2290;TTC;AAA;undefined;OTHER;OTHER
invoice-209.tiff;1;1;2480;3508;26185;1958;2236;150;49;1958;2236;2108;2236;2108;2285;1958;2285;2346,84;NNNNSNN;TA;TOTAL_AMOUNT;Total with TAX
invoice-209.tiff;1;1;2480;3508;26186;2120;2236;87;49;2120;2236;2207;2236;2207;2285;2120;2285;EUR;AAA;TA;TOTAL_AMOUNT;Total with TAX
invoice-209.tiff;1;1;2480;3508;26187;1096;3175;182;49;1096;3175;1278;3175;1278;3224;1096;3224;TOKMAK;AAAAAA;SN;SUPPLIER_NAME;Seller/Company) name
invoice-209.tiff;1;1;2480;3508;26188;546;3224;87;48;546;3224;633;3224;633;3272;546;3272;RUE;AAA;SA;SUPPLIER_ADDRESS;Seller Address
invoice-209.tiff;1;1;2480;3508;26189;646;3224;57;48;646;3224;703;3224;703;3272;646;3272;DE;AA;SA;SUPPLIER_ADDRESS;Seller Address
invoice-209.tiff;1;1;2480;3508;26190;715;3224;222;48;715;3224;937;3224;937;3272;715;3272;FLANDRES;AAAAAAAA;SA;SUPPLIER_ADDRESS;Seller Address
invoice-209.tiff;1;1;2480;3508;26191;946;3224;13;48;946;3224;959;3224;959;3272;946;3272;-;S;SA;SUPPLIER_ADDRESS;Seller Address
invoice-209.tiff;1;1;2480;3508;26192;971;3224;115;48;971;3224;1086;3224;1086;3272;971;3272;60700;NNNNN;SA;SUPPLIER_ADDRESS;Seller Address
invoice-209.tiff;1;1;2480;3508;26193;1107;3224;115;48;1107;3224;1222;3224;1222;3272;1107;3272;PONT;AAAA;SA;SUPPLIER_ADDRESS;Seller Address
invoice-209.tiff;1;1;2480;3508;26194;1234;3224;150;48;1234;3224;1384;3224;1384;3272;1234;3272;SAINTE;AAAAAA;SA;SUPPLIER_ADDRESS;Seller Address
invoice-209.tiff;1;1;2480;3508;26195;1397;3224;206;48;1397;3224;1603;3224;1603;3272;1397;3272;MAXENCE;AAAAAAA;SA;SUPPLIER_ADDRESS;Seller Address
invoice-209.tiff;1;1;2480;3508;26196;1611;3224;13;48;1611;3224;1624;3224;1624;3272;1611;3272;-;S;SA;SUPPLIER_ADDRESS;Seller Address
invoice-209.tiff;1;1;2480;3508;26197;1636;3224;171;48;1636;3224;1807;3224;1807;3272;1636;3272;FRANCE;AAAAAA;SA;SUPPLIER_ADDRESS;Seller Address
