src;num_pages;page_id;page_width;page_height;id;col;row;width;height;x1;y1;x2;y2;x3;y3;x4;y4;contents;contents_masked;correctclass;tag;description
invoice-2660.tiff;1;1;2480;3508;327360;124;62;347;175;124;62;471;62;471;237;124;237;common/logo;AAAAAASAAAA;img;IMAGE;Image
invoice-2660.tiff;1;1;2480;3508;327361;750;237;75;43;750;237;825;237;825;280;750;280;FMO;AAA;SN;SUPPLIER_NAME;Seller/Company) name
invoice-2660.tiff;1;1;2480;3508;327362;849;237;175;43;849;237;1024;237;1024;280;849;280;SERVICE;AAAAAAA;SN;SUPPLIER_NAME;Seller/Company) name
invoice-2660.tiff;1;1;2480;3508;327363;750;281;50;43;750;281;800;281;800;324;750;324;13;NN;SA;SUPPLIER_ADDRESS;Seller Address
invoice-2660.tiff;1;1;2480;3508;327364;824;281;25;43;824;281;849;281;849;324;824;324;A;A;SA;SUPPLIER_ADDRESS;Seller Address
invoice-2660.tiff;1;1;2480;3508;327365;874;281;75;43;874;281;949;281;949;324;874;324;RUE;AAA;SA;SUPPLIER_ADDRESS;Seller Address
invoice-2660.tiff;1;1;2480;3508;327366;974;281;50;43;974;281;1024;281;1024;324;974;324;DU;AA;SA;SUPPLIER_ADDRESS;Seller Address
invoice-2660.tiff;1;1;2480;3508;327367;1050;281;175;43;1050;281;1225;281;1225;324;1050;324;PROGRES;AAAAAAA;SA;SUPPLIER_ADDRESS;Seller Address
invoice-2660.tiff;1;1;2480;3508;327368;1233;281;25;43;1233;281;1258;281;1258;324;1233;324;,;S;SA;SUPPLIER_ADDRESS;Seller Address
invoice-2660.tiff;1;1;2480;3508;327369;1283;281;124;43;1283;281;1407;281;1407;324;1283;324;41200;NNNNN;SA;SUPPLIER_ADDRESS;Seller Address
invoice-2660.tiff;1;1;2480;3508;327370;1416;281;249;43;1416;281;1665;281;1665;324;1416;324;ROMORANTIN;AAAAAAAAAA;SA;SUPPLIER_ADDRESS;Seller Address
invoice-2660.tiff;1;1;2480;3508;327371;1691;281;224;43;1691;281;1915;281;1915;324;1691;324;LANTHENAY;AAAAAAAAA;SA;SUPPLIER_ADDRESS;Seller Address
invoice-2660.tiff;1;1;2480;3508;327372;1924;281;25;43;1924;281;1949;281;1949;324;1924;324;,;S;SA;SUPPLIER_ADDRESS;Seller Address
invoice-2660.tiff;1;1;2480;3508;327373;1974;281;150;43;1974;281;2124;281;2124;324;1974;324;FRANCE;AAAAAA;SA;SUPPLIER_ADDRESS;Seller Address
invoice-2660.tiff;1;1;2480;3508;327374;750;325;75;43;750;325;825;325;825;368;750;368;VAT;AAA;undefined;OTHER;OTHER
invoice-2660.tiff;1;1;2480;3508;327375;841;325;325;43;841;325;1166;325;1166;368;841;368;FR30006460982;AANNNNNNNNNNN;SVAT;SUPPLIER_VAT;Seller Vat Number/TVA
invoice-2660.tiff;1;1;2480;3508;327376;750;369;124;43;750;369;874;369;874;412;750;412;Phone;AAAAA;undefined;OTHER;OTHER
invoice-2660.tiff;1;1;2480;3508;327377;899;369;350;43;899;369;1249;369;1249;412;899;412;09.13.10.56.28;NNSNNSNNSNNSNN;SCN;SUPPLIER_CONTACT_NUMBER;Seller Contact Number
invoice-2660.tiff;1;1;2480;3508;327378;1291;369;75;43;1291;369;1366;369;1366;412;1291;412;Fax;AAA;undefined;OTHER;OTHER
invoice-2660.tiff;1;1;2480;3508;327379;1391;369;350;43;1391;369;1741;369;1741;412;1391;412;09.13.10.09.94;NNSNNSNNSNNSNN;SFAX;SUPPLIER_FAX_NUMBER;Seller Fax Number
invoice-2660.tiff;1;1;2480;3508;327380;124;589;239;52;124;589;363;589;363;641;124;641;Delivery;AAAAAAAA;undefined;OTHER;OTHER
invoice-2660.tiff;1;1;2480;3508;327381;394;589;59;52;394;589;453;589;453;641;394;641;To;AA;undefined;OTHER;OTHER
invoice-2660.tiff;1;1;2480;3508;327391;1541;589;210;52;1541;589;1751;589;1751;641;1541;641;Invoice;AAAAAAA;undefined;OTHER;OTHER
invoice-2660.tiff;1;1;2480;3508;327392;1781;589;59;52;1781;589;1840;589;1840;641;1781;641;To;AA;undefined;OTHER;OTHER
invoice-2660.tiff;1;1;2480;3508;327382;124;642;124;43;124;642;248;642;248;685;124;685;Joana;AAAAA;SHN;SHIPPING_NAME;Shipping Name
invoice-2660.tiff;1;1;2480;3508;327383;275;642;100;43;275;642;375;642;375;685;275;685;Rice;AAAA;SHN;SHIPPING_NAME;Shipping Name
invoice-2660.tiff;1;1;2480;3508;327393;1541;642;124;43;1541;642;1665;642;1665;685;1541;685;Joana;AAAAA;BN;BILLING_NAME;Billing Name
invoice-2660.tiff;1;1;2480;3508;327394;1691;642;100;43;1691;642;1791;642;1791;685;1691;685;Rice;AAAA;BN;BILLING_NAME;Billing Name
invoice-2660.tiff;1;1;2480;3508;327384;124;686;124;43;124;686;248;686;248;729;124;729;5045,;NNNNS;SHA;SHIPPING_ADDRESS;Shipping Address
invoice-2660.tiff;1;1;2480;3508;327385;275;686;124;43;275;686;399;686;399;729;275;729;place;AAAAA;SHA;SHIPPING_ADDRESS;Shipping Address
invoice-2660.tiff;1;1;2480;3508;327386;424;686;50;43;424;686;474;686;474;729;424;729;du;AA;SHA;SHIPPING_ADDRESS;Shipping Address
invoice-2660.tiff;1;1;2480;3508;327387;499;686;175;43;499;686;674;686;674;729;499;729;foirail;AAAAAAA;SHA;SHIPPING_ADDRESS;Shipping Address
invoice-2660.tiff;1;1;2480;3508;327395;1541;686;124;43;1541;686;1665;686;1665;729;1541;729;5045,;NNNNS;BA;BILLING_ADDRESS;Billing Address
invoice-2660.tiff;1;1;2480;3508;327396;1691;686;124;43;1691;686;1815;686;1815;729;1691;729;place;AAAAA;BA;BILLING_ADDRESS;Billing Address
invoice-2660.tiff;1;1;2480;3508;327397;1841;686;50;43;1841;686;1891;686;1891;729;1841;729;du;AA;BA;BILLING_ADDRESS;Billing Address
invoice-2660.tiff;1;1;2480;3508;327398;1916;686;175;43;1916;686;2091;686;2091;729;1916;729;foirail;AAAAAAA;BA;BILLING_ADDRESS;Billing Address
invoice-2660.tiff;1;1;2480;3508;327388;124;730;124;43;124;730;248;730;248;773;124;773;63470;NNNNN;SHA;SHIPPING_ADDRESS;Shipping Address
invoice-2660.tiff;1;1;2480;3508;327389;291;730;175;43;291;730;466;730;466;773;291;773;Herment;AAAAAAA;SHA;SHIPPING_ADDRESS;Shipping Address
invoice-2660.tiff;1;1;2480;3508;327399;1541;730;124;43;1541;730;1665;730;1665;773;1541;773;63470;NNNNN;BA;BILLING_ADDRESS;Billing Address
invoice-2660.tiff;1;1;2480;3508;327400;1708;730;175;43;1708;730;1883;730;1883;773;1708;773;Herment;AAAAAAA;BA;BILLING_ADDRESS;Billing Address
invoice-2660.tiff;1;1;2480;3508;327390;124;774;150;43;124;774;274;774;274;817;124;817;France;AAAAAA;SHA;SHIPPING_ADDRESS;Shipping Address
invoice-2660.tiff;1;1;2480;3508;327401;1541;774;150;43;1541;774;1691;774;1691;817;1541;817;France;AAAAAA;BA;BILLING_ADDRESS;Billing Address
invoice-2660.tiff;1;1;2480;3508;327402;1541;1084;192;48;1541;1084;1733;1084;1733;1132;1541;1132;Invoice;AAAAAAA;undefined;OTHER;OTHER
invoice-2660.tiff;1;1;2480;3508;327403;1761;1084;54;48;1761;1084;1815;1084;1815;1132;1761;1132;ID;AA;undefined;OTHER;OTHER
invoice-2660.tiff;1;1;2480;3508;327404;2166;1084;200;43;2166;1084;2366;1084;2366;1127;2166;1127;INV-3581;AAASNNNN;IN;INVOICE_NUMBER;Invoice Number
invoice-2660.tiff;1;1;2480;3508;327405;1541;1153;109;48;1541;1153;1650;1153;1650;1201;1541;1201;Date;AAAA;undefined;OTHER;OTHER
invoice-2660.tiff;1;1;2480;3508;327406;2166;1153;25;43;2166;1153;2191;1153;2191;1196;2166;1196;1;N;IDATE;INVOICE_DATE;Invoice Date
invoice-2660.tiff;1;1;2480;3508;327407;2216;1153;100;43;2216;1153;2316;1153;2316;1196;2216;1196;mar,;AAAS;IDATE;INVOICE_DATE;Invoice Date
invoice-2660.tiff;1;1;2480;3508;327408;2341;1153;100;43;2341;1153;2441;1153;2441;1196;2341;1196;2003;NNNN;IDATE;INVOICE_DATE;Invoice Date
invoice-2660.tiff;1;1;2480;3508;327409;1541;1222;164;48;1541;1222;1705;1222;1705;1270;1541;1270;Client;AAAAAA;undefined;OTHER;OTHER
invoice-2660.tiff;1;1;2480;3508;327410;1734;1222;54;48;1734;1222;1788;1222;1788;1270;1734;1270;ID;AA;undefined;OTHER;OTHER
invoice-2660.tiff;1;1;2480;3508;327411;2166;1222;175;43;2166;1222;2341;1222;2341;1265;2166;1265;CL-1962;AASNNNN;CNUM;CLIENT_NUMBER;Client Number
invoice-2660.tiff;1;1;2480;3508;327412;1541;1291;137;48;1541;1291;1678;1291;1678;1339;1541;1339;Order;AAAAA;undefined;OTHER;OTHER
invoice-2660.tiff;1;1;2480;3508;327413;1706;1291;54;48;1706;1291;1760;1291;1760;1339;1706;1339;ID;AA;undefined;OTHER;OTHER
invoice-2660.tiff;1;1;2480;3508;327414;2166;1291;175;43;2166;1291;2341;1291;2341;1334;2166;1334;COM-318;AAASNNN;ONUM;ORDER_NUMBER;Order Number
invoice-2660.tiff;1;1;2480;3508;327415;1541;1360;137;48;1541;1360;1678;1360;1678;1408;1541;1408;Payed;AAAAA;undefined;OTHER;OTHER
invoice-2660.tiff;1;1;2480;3508;327416;1706;1360;192;48;1706;1360;1898;1360;1898;1408;1706;1408;through;AAAAAAA;undefined;OTHER;OTHER
invoice-2660.tiff;1;1;2480;3508;327417;2166;1360;100;43;2166;1360;2266;1360;2266;1403;2166;1403;Bank;AAAA;PMODE;PAYMENT_MODE;Payment Mode
invoice-2660.tiff;1;1;2480;3508;327418;2291;1360;200;43;2291;1360;2491;1360;2491;1403;2291;1403;Transfer;AAAAAAAA;PMODE;PAYMENT_MODE;Payment Mode
invoice-2660.tiff;1;1;2480;3508;327419;139;1798;219;48;139;1798;358;1798;358;1846;139;1846;Quantity;AAAAAAAA;undefined;OTHER;OTHER
invoice-2660.tiff;1;1;2480;3508;327420;551;1798;192;48;551;1798;743;1798;743;1846;551;1846;Product;AAAAAAA;undefined;OTHER;OTHER
invoice-2660.tiff;1;1;2480;3508;327421;771;1798;302;48;771;1798;1073;1798;1073;1846;771;1846;Description;AAAAAAAAAAA;undefined;OTHER;OTHER
invoice-2660.tiff;1;1;2480;3508;327422;1279;1798;109;48;1279;1798;1388;1798;1388;1846;1279;1846;Unit;AAAA;undefined;OTHER;OTHER
invoice-2660.tiff;1;1;2480;3508;327423;1416;1798;137;48;1416;1798;1553;1798;1553;1846;1416;1846;Price;AAAAA;undefined;OTHER;OTHER
invoice-2660.tiff;1;1;2480;3508;327424;1640;1798;82;48;1640;1798;1722;1798;1722;1846;1640;1846;TVA;AAA;undefined;OTHER;OTHER
invoice-2660.tiff;1;1;2480;3508;327425;1749;1798;109;48;1749;1798;1858;1798;1858;1846;1749;1846;Rate;AAAA;undefined;OTHER;OTHER
invoice-2660.tiff;1;1;2480;3508;327426;2014;1798;137;48;2014;1798;2151;1798;2151;1846;2014;1846;Total;AAAAA;undefined;OTHER;OTHER
invoice-2660.tiff;1;1;2480;3508;327427;237;1867;25;43;237;1867;262;1867;262;1910;237;1910;2;N;undefined;OTHER;OTHER
invoice-2660.tiff;1;1;2480;3508;327428;375;1867;124;43;375;1867;499;1867;499;1910;375;1910;Dolce;AAAAA;undefined;OTHER;OTHER
invoice-2660.tiff;1;1;2480;3508;327429;525;1867;124;43;525;1867;649;1867;649;1910;525;1910;Gusto;AAAAA;undefined;OTHER;OTHER
invoice-2660.tiff;1;1;2480;3508;327430;675;1867;124;43;675;1867;799;1867;799;1910;675;1910;Krups;AAAAA;undefined;OTHER;OTHER
invoice-2660.tiff;1;1;2480;3508;327431;824;1867;175;43;824;1867;999;1867;999;1910;824;1910;MOVENZA;AAAAAAA;undefined;OTHER;OTHER
invoice-2660.tiff;1;1;2480;3508;327432;1025;1867;200;43;1025;1867;1225;1867;1225;1910;1025;1910;YY2769FD;AANNNNAA;undefined;OTHER;OTHER
invoice-2660.tiff;1;1;2480;3508;327434;1291;1867;150;43;1291;1867;1441;1867;1441;1910;1291;1910;120,26;NNNSNN;undefined;OTHER;OTHER
invoice-2660.tiff;1;1;2480;3508;327435;1466;1867;75;43;1466;1867;1541;1867;1541;1910;1466;1910;USD;AAA;undefined;OTHER;OTHER
invoice-2660.tiff;1;1;2480;3508;327436;1687;1867;124;43;1687;1867;1811;1867;1811;1910;1687;1910;20.0%;NNSNS;undefined;OTHER;OTHER
invoice-2660.tiff;1;1;2480;3508;327437;1958;1867;150;43;1958;1867;2108;1867;2108;1910;1958;1910;240,52;NNNSNN;undefined;OTHER;OTHER
invoice-2660.tiff;1;1;2480;3508;327438;2133;1867;75;43;2133;1867;2208;1867;2208;1910;2133;1910;USD;AAA;undefined;OTHER;OTHER
invoice-2660.tiff;1;1;2480;3508;327433;375;1911;100;43;375;1911;475;1911;475;1954;375;1954;Noir;AAAA;undefined;OTHER;OTHER
invoice-2660.tiff;1;1;2480;3508;327439;237;1997;25;43;237;1997;262;1997;262;2040;237;2040;1;N;undefined;OTHER;OTHER
invoice-2660.tiff;1;1;2480;3508;327440;375;1997;249;43;375;1997;624;1997;624;2040;375;2040;Accessoire;AAAAAAAAAA;undefined;OTHER;OTHER
invoice-2660.tiff;1;1;2480;3508;327441;650;1997;124;43;650;1997;774;1997;774;2040;650;2040;Konix;AAAAA;undefined;OTHER;OTHER
invoice-2660.tiff;1;1;2480;3508;327442;800;1997;124;43;800;1997;924;1997;924;2040;800;2040;Paire;AAAAA;undefined;OTHER;OTHER
invoice-2660.tiff;1;1;2480;3508;327443;949;1997;50;43;949;1997;999;1997;999;2040;949;2040;de;AA;undefined;OTHER;OTHER
invoice-2660.tiff;1;1;2480;3508;327444;1025;1997;175;43;1025;1997;1200;1997;1200;2040;1025;2040;Volants;AAAAAAA;undefined;OTHER;OTHER
invoice-2660.tiff;1;1;2480;3508;327447;1316;1997;100;43;1316;1997;1416;1997;1416;2040;1316;2040;8,32;NSNN;undefined;OTHER;OTHER
invoice-2660.tiff;1;1;2480;3508;327448;1441;1997;75;43;1441;1997;1516;1997;1516;2040;1441;2040;USD;AAA;undefined;OTHER;OTHER
invoice-2660.tiff;1;1;2480;3508;327449;1687;1997;124;43;1687;1997;1811;1997;1811;2040;1687;2040;20.0%;NNSNS;undefined;OTHER;OTHER
invoice-2660.tiff;1;1;2480;3508;327450;1983;1997;100;43;1983;1997;2083;1997;2083;2040;1983;2040;8,32;NSNN;undefined;OTHER;OTHER
invoice-2660.tiff;1;1;2480;3508;327451;2108;1997;75;43;2108;1997;2183;1997;2183;2040;2108;2040;USD;AAA;undefined;OTHER;OTHER
invoice-2660.tiff;1;1;2480;3508;327445;375;2040;100;43;375;2040;475;2040;475;2083;375;2083;pour;AAAA;undefined;OTHER;OTHER
invoice-2660.tiff;1;1;2480;3508;327446;499;2040;150;43;499;2040;649;2040;649;2083;499;2083;Switch;AAAAAA;undefined;OTHER;OTHER
invoice-2660.tiff;1;1;2480;3508;327452;237;2126;25;43;237;2126;262;2126;262;2169;237;2169;1;N;undefined;OTHER;OTHER
invoice-2660.tiff;1;1;2480;3508;327453;1316;2126;100;43;1316;2126;1416;2126;1416;2169;1316;2169;0,00;NSNN;undefined;OTHER;OTHER
invoice-2660.tiff;1;1;2480;3508;327454;1441;2126;75;43;1441;2126;1516;2126;1516;2169;1441;2169;USD;AAA;undefined;OTHER;OTHER
invoice-2660.tiff;1;1;2480;3508;327455;1687;2126;124;43;1687;2126;1811;2126;1811;2169;1687;2169;20.0%;NNSNS;undefined;OTHER;OTHER
invoice-2660.tiff;1;1;2480;3508;327456;1983;2126;100;43;1983;2126;2083;2126;2083;2169;1983;2169;0,00;NSNN;undefined;OTHER;OTHER
invoice-2660.tiff;1;1;2480;3508;327457;2108;2126;75;43;2108;2126;2183;2126;2183;2169;2108;2169;USD;AAA;undefined;OTHER;OTHER
invoice-2660.tiff;1;1;2480;3508;327458;237;2211;25;43;237;2211;262;2211;262;2254;237;2254;4;N;undefined;OTHER;OTHER
invoice-2660.tiff;1;1;2480;3508;327459;375;2211;150;43;375;2211;525;2211;525;2254;375;2254;Montre;AAAAAA;undefined;OTHER;OTHER
invoice-2660.tiff;1;1;2480;3508;327460;550;2211;175;43;550;2211;725;2211;725;2254;550;2254;running;AAAAAAA;undefined;OTHER;OTHER
invoice-2660.tiff;1;1;2480;3508;327461;750;2211;150;43;750;2211;900;2211;900;2254;750;2254;Garmin;AAAAAA;undefined;OTHER;OTHER
invoice-2660.tiff;1;1;2480;3508;327462;924;2211;249;43;924;2211;1173;2211;1173;2254;924;2254;Forerunner;AAAAAAAAAA;undefined;OTHER;OTHER
invoice-2660.tiff;1;1;2480;3508;327466;1291;2211;150;43;1291;2211;1441;2211;1441;2254;1291;2254;249,99;NNNSNN;undefined;OTHER;OTHER
invoice-2660.tiff;1;1;2480;3508;327467;1466;2211;75;43;1466;2211;1541;2211;1541;2254;1466;2254;USD;AAA;undefined;OTHER;OTHER
invoice-2660.tiff;1;1;2480;3508;327468;1687;2211;124;43;1687;2211;1811;2211;1811;2254;1687;2254;20.0%;NNSNS;undefined;OTHER;OTHER
invoice-2660.tiff;1;1;2480;3508;327469;1958;2211;150;43;1958;2211;2108;2211;2108;2254;1958;2254;999,97;NNNSNN;undefined;OTHER;OTHER
invoice-2660.tiff;1;1;2480;3508;327470;2133;2211;75;43;2133;2211;2208;2211;2208;2254;2133;2254;USD;AAA;undefined;OTHER;OTHER
invoice-2660.tiff;1;1;2480;3508;327463;375;2255;75;43;375;2255;450;2255;450;2298;375;2298;230;NNN;undefined;OTHER;OTHER
invoice-2660.tiff;1;1;2480;3508;327464;474;2255;300;43;474;2255;774;2255;774;2298;474;2298;Blanc/Violet;AAAAASAAAAAA;undefined;OTHER;OTHER
invoice-2660.tiff;1;1;2480;3508;327465;800;2255;75;43;800;2255;875;2255;875;2298;800;2298;HRM;AAA;undefined;OTHER;OTHER
invoice-2660.tiff;1;1;2480;3508;327471;1877;2382;109;48;1877;2382;1986;2382;1986;2430;1877;2430;DISC;AAAA;undefined;OTHER;OTHER
invoice-2660.tiff;1;1;2480;3508;327472;2008;2382;100;43;2008;2382;2108;2382;2108;2425;2008;2425;0,00;NSNN;undefined;OTHER;OTHER
invoice-2660.tiff;1;1;2480;3508;327473;2133;2382;75;43;2133;2382;2208;2382;2208;2425;2133;2425;USD;AAA;undefined;OTHER;OTHER
invoice-2660.tiff;1;1;2480;3508;327474;1754;2430;137;48;1754;2430;1891;2430;1891;2478;1754;2478;Total;AAAAA;undefined;OTHER;OTHER
invoice-2660.tiff;1;1;2480;3508;327475;1933;2430;175;43;1933;2430;2108;2430;2108;2473;1933;2473;1248,81;NNNNSNN;TWTX;TOTAL_WITHOUT_TAX;TWTXS
invoice-2660.tiff;1;1;2480;3508;327476;2133;2430;75;43;2133;2430;2208;2430;2208;2473;2133;2473;USD;AAA;TWTX;TOTAL_WITHOUT_TAX;TWTXS
invoice-2660.tiff;1;1;2480;3508;327477;1641;2479;82;48;1641;2479;1723;2479;1723;2527;1641;2527;Tax;AAA;undefined;OTHER;OTHER
invoice-2660.tiff;1;1;2480;3508;327478;1751;2479;164;48;1751;2479;1915;2479;1915;2527;1751;2527;Amount;AAAAAA;undefined;OTHER;OTHER
invoice-2660.tiff;1;1;2480;3508;327479;1958;2479;150;43;1958;2479;2108;2479;2108;2522;1958;2522;249,76;NNNSNN;TTX;TOTAL_TAX;Total Tax
invoice-2660.tiff;1;1;2480;3508;327480;2133;2479;75;43;2133;2479;2208;2479;2208;2522;2133;2522;USD;AAA;TTX;TOTAL_TAX;Total Tax
invoice-2660.tiff;1;1;2480;3508;327481;1534;2527;164;48;1534;2527;1698;2527;1698;2575;1534;2575;Amount;AAAAAA;undefined;OTHER;OTHER
invoice-2660.tiff;1;1;2480;3508;327482;1726;2527;54;48;1726;2527;1780;2527;1780;2575;1726;2575;to;AA;undefined;OTHER;OTHER
invoice-2660.tiff;1;1;2480;3508;327483;1809;2527;82;48;1809;2527;1891;2527;1891;2575;1809;2575;pay;AAA;undefined;OTHER;OTHER
invoice-2660.tiff;1;1;2480;3508;327484;1933;2527;175;43;1933;2527;2108;2527;2108;2570;1933;2570;1498,57;NNNNSNN;TA;TOTAL_AMOUNT;Total with TAX
invoice-2660.tiff;1;1;2480;3508;327485;2133;2527;75;43;2133;2527;2208;2527;2208;2570;2133;2570;USD;AAA;TA;TOTAL_AMOUNT;Total with TAX
invoice-2660.tiff;1;1;2480;3508;327486;1050;3154;75;43;1050;3154;1125;3154;1125;3197;1050;3197;FMO;AAA;SN;SUPPLIER_NAME;Seller/Company) name
invoice-2660.tiff;1;1;2480;3508;327487;1150;3154;175;43;1150;3154;1325;3154;1325;3197;1150;3197;SERVICE;AAAAAAA;SN;SUPPLIER_NAME;Seller/Company) name
invoice-2660.tiff;1;1;2480;3508;327488;495;3197;50;43;495;3197;545;3197;545;3240;495;3240;13;NN;SA;SUPPLIER_ADDRESS;Seller Address
invoice-2660.tiff;1;1;2480;3508;327489;570;3197;25;43;570;3197;595;3197;595;3240;570;3240;A;A;SA;SUPPLIER_ADDRESS;Seller Address
invoice-2660.tiff;1;1;2480;3508;327490;620;3197;75;43;620;3197;695;3197;695;3240;620;3240;RUE;AAA;SA;SUPPLIER_ADDRESS;Seller Address
invoice-2660.tiff;1;1;2480;3508;327491;720;3197;50;43;720;3197;770;3197;770;3240;720;3240;DU;AA;SA;SUPPLIER_ADDRESS;Seller Address
invoice-2660.tiff;1;1;2480;3508;327492;795;3197;175;43;795;3197;970;3197;970;3240;795;3240;PROGRES;AAAAAAA;SA;SUPPLIER_ADDRESS;Seller Address
invoice-2660.tiff;1;1;2480;3508;327493;979;3197;25;43;979;3197;1004;3197;1004;3240;979;3240;,;S;SA;SUPPLIER_ADDRESS;Seller Address
invoice-2660.tiff;1;1;2480;3508;327494;1029;3197;124;43;1029;3197;1153;3197;1153;3240;1029;3240;41200;NNNNN;SA;SUPPLIER_ADDRESS;Seller Address
invoice-2660.tiff;1;1;2480;3508;327495;1162;3197;249;43;1162;3197;1411;3197;1411;3240;1162;3240;ROMORANTIN;AAAAAAAAAA;SA;SUPPLIER_ADDRESS;Seller Address
invoice-2660.tiff;1;1;2480;3508;327496;1437;3197;224;43;1437;3197;1661;3197;1661;3240;1437;3240;LANTHENAY;AAAAAAAAA;SA;SUPPLIER_ADDRESS;Seller Address
invoice-2660.tiff;1;1;2480;3508;327497;1670;3197;25;43;1670;3197;1695;3197;1695;3240;1670;3240;,;S;SA;SUPPLIER_ADDRESS;Seller Address
invoice-2660.tiff;1;1;2480;3508;327498;1720;3197;150;43;1720;3197;1870;3197;1870;3240;1720;3240;FRANCE;AAAAAA;SA;SUPPLIER_ADDRESS;Seller Address
