src;num_pages;page_id;page_width;page_height;id;col;row;width;height;x1;y1;x2;y2;x3;y3;x4;y4;contents;contents_masked;correctclass;tag;description
invoice-2871.tiff;1;1;2480;3508;353133;124;62;553;175;124;62;677;62;677;237;124;237;common/logo;AAAAAASAAAA;img;IMAGE;Image
invoice-2871.tiff;1;1;2480;3508;353134;750;237;90;49;750;237;840;237;840;286;750;286;TOO;AAA;SN;SUPPLIER_NAME;Seller/Company) name
invoice-2871.tiff;1;1;2480;3508;353135;851;237;175;49;851;237;1026;237;1026;286;851;286;PROPRE;AAAAAA;SN;SUPPLIER_NAME;Seller/Company) name
invoice-2871.tiff;1;1;2480;3508;353136;750;287;46;48;750;287;796;287;796;335;750;335;26;NN;SA;SUPPLIER_ADDRESS;Seller Address
invoice-2871.tiff;1;1;2480;3508;353137;807;287;87;48;807;287;894;287;894;335;807;335;RUE;AAA;SA;SUPPLIER_ADDRESS;Seller Address
invoice-2871.tiff;1;1;2480;3508;353138;907;287;104;48;907;287;1011;287;1011;335;907;335;JOEL;AAAA;SA;SUPPLIER_ADDRESS;Seller Address
invoice-2871.tiff;1;1;2480;3508;353139;1023;287;169;48;1023;287;1192;287;1192;335;1023;335;MARTEL;AAAAAA;SA;SUPPLIER_ADDRESS;Seller Address
invoice-2871.tiff;1;1;2480;3508;353140;1200;287;115;48;1200;287;1315;287;1315;335;1200;335;85530;NNNNN;SA;SUPPLIER_ADDRESS;Seller Address
invoice-2871.tiff;1;1;2480;3508;353141;1324;287;50;48;1324;287;1374;287;1374;335;1324;335;LA;AA;SA;SUPPLIER_ADDRESS;Seller Address
invoice-2871.tiff;1;1;2480;3508;353142;1387;287;236;48;1387;287;1623;287;1623;335;1387;335;BRUFFIERE;AAAAAAAAA;SA;SUPPLIER_ADDRESS;Seller Address
invoice-2871.tiff;1;1;2480;3508;353143;1631;287;171;48;1631;287;1802;287;1802;335;1631;335;FRANCE;AAAAAA;SA;SUPPLIER_ADDRESS;Seller Address
invoice-2871.tiff;1;1;2480;3508;353144;750;335;97;48;750;335;847;335;847;383;750;383;Siren;AAAAA;undefined;OTHER;OTHER
invoice-2871.tiff;1;1;2480;3508;353145;863;335;208;48;863;335;1071;335;1071;383;863;383;988032523;NNNNNNNNN;SCID;SUPPLIER_ID;Seller Identifier Number (Siren)
invoice-2871.tiff;1;1;2480;3508;353146;1097;335;81;48;1097;335;1178;335;1178;383;1097;383;VAT;AAA;undefined;OTHER;OTHER
invoice-2871.tiff;1;1;2480;3508;353147;1195;335;287;48;1195;335;1482;335;1482;383;1195;383;FR2988032523;AANNNNNNNNNN;SVAT;SUPPLIER_VAT;Seller Vat Number/TVA
invoice-2871.tiff;1;1;2480;3508;353148;750;383;120;48;750;383;870;383;870;431;750;431;Phone;AAAAA;undefined;OTHER;OTHER
invoice-2871.tiff;1;1;2480;3508;353149;895;383;70;48;895;383;965;383;965;431;895;431;+33;SNN;SCN;SUPPLIER_CONTACT_NUMBER;Seller Contact Number
invoice-2871.tiff;1;1;2480;3508;353150;977;383;23;48;977;383;1000;383;1000;431;977;431;0;N;SCN;SUPPLIER_CONTACT_NUMBER;Seller Contact Number
invoice-2871.tiff;1;1;2480;3508;353151;1012;383;69;48;1012;383;1081;383;1081;431;1012;431;532;NNN;SCN;SUPPLIER_CONTACT_NUMBER;Seller Contact Number
invoice-2871.tiff;1;1;2480;3508;353152;1093;383;69;48;1093;383;1162;383;1162;431;1093;431;119;NNN;SCN;SUPPLIER_CONTACT_NUMBER;Seller Contact Number
invoice-2871.tiff;1;1;2480;3508;353153;1174;383;69;48;1174;383;1243;383;1243;431;1174;431;295;NNN;SCN;SUPPLIER_CONTACT_NUMBER;Seller Contact Number
invoice-2871.tiff;1;1;2480;3508;353154;1285;383;69;48;1285;383;1354;383;1354;431;1285;431;Fax;AAA;undefined;OTHER;OTHER
invoice-2871.tiff;1;1;2480;3508;353155;1380;383;70;48;1380;383;1450;383;1450;431;1380;431;+33;SNN;SFAX;SUPPLIER_FAX_NUMBER;Seller Fax Number
invoice-2871.tiff;1;1;2480;3508;353156;1462;383;23;48;1462;383;1485;383;1485;431;1462;431;0;N;SFAX;SUPPLIER_FAX_NUMBER;Seller Fax Number
invoice-2871.tiff;1;1;2480;3508;353157;1497;383;69;48;1497;383;1566;383;1566;431;1497;431;532;NNN;SFAX;SUPPLIER_FAX_NUMBER;Seller Fax Number
invoice-2871.tiff;1;1;2480;3508;353158;1578;383;69;48;1578;383;1647;383;1647;431;1578;431;119;NNN;SFAX;SUPPLIER_FAX_NUMBER;Seller Fax Number
invoice-2871.tiff;1;1;2480;3508;353159;1659;383;69;48;1659;383;1728;383;1728;431;1659;431;986;NNN;SFAX;SUPPLIER_FAX_NUMBER;Seller Fax Number
invoice-2871.tiff;1;1;2480;3508;353160;124;620;197;59;124;620;321;620;321;679;124;679;Shipped;AAAAAAA;undefined;OTHER;OTHER
invoice-2871.tiff;1;1;2480;3508;353161;336;620;61;59;336;620;397;620;397;679;336;679;To;AA;undefined;OTHER;OTHER
invoice-2871.tiff;1;1;2480;3508;353174;1541;620;136;59;1541;620;1677;620;1677;679;1541;679;Billed;AAAAAA;undefined;OTHER;OTHER
invoice-2871.tiff;1;1;2480;3508;353175;1691;620;61;59;1691;620;1752;620;1752;679;1691;679;To;AA;undefined;OTHER;OTHER
invoice-2871.tiff;1;1;2480;3508;353162;124;680;113;49;124;680;237;680;237;729;124;729;Paolo;AAAAA;SHN;SHIPPING_NAME;Shipping Name
invoice-2871.tiff;1;1;2480;3508;353163;250;680;215;49;250;680;465;680;465;729;250;729;Altenwerth;AAAAAAAAAA;SHN;SHIPPING_NAME;Shipping Name
invoice-2871.tiff;1;1;2480;3508;353164;476;680;50;49;476;680;526;680;526;729;476;729;Jr.;AAS;SHN;SHIPPING_NAME;Shipping Name
invoice-2871.tiff;1;1;2480;3508;353176;1541;680;113;49;1541;680;1654;680;1654;729;1541;729;Paolo;AAAAA;BN;BILLING_NAME;Billing Name
invoice-2871.tiff;1;1;2480;3508;353177;1666;680;215;49;1666;680;1881;680;1881;729;1666;729;Altenwerth;AAAAAAAAAA;BN;BILLING_NAME;Billing Name
invoice-2871.tiff;1;1;2480;3508;353178;1893;680;50;49;1893;680;1943;680;1943;729;1893;729;Jr.;AAS;BN;BILLING_NAME;Billing Name
invoice-2871.tiff;1;1;2480;3508;353165;124;729;57;48;124;729;181;729;181;777;124;777;24,;NNS;SHA;SHIPPING_ADDRESS;Shipping Address
invoice-2871.tiff;1;1;2480;3508;353166;194;729;60;48;194;729;254;729;254;777;194;777;rue;AAA;SHA;SHIPPING_ADDRESS;Shipping Address
invoice-2871.tiff;1;1;2480;3508;353167;266;729;46;48;266;729;312;729;312;777;266;777;du;AA;SHA;SHIPPING_ADDRESS;Shipping Address
invoice-2871.tiff;1;1;2480;3508;353168;324;729;122;48;324;729;446;729;446;777;324;777;balcon;AAAAAA;SHA;SHIPPING_ADDRESS;Shipping Address
invoice-2871.tiff;1;1;2480;3508;353169;458;729;46;48;458;729;504;729;504;777;458;777;du;AA;SHA;SHIPPING_ADDRESS;Shipping Address
invoice-2871.tiff;1;1;2480;3508;353170;516;729;81;48;516;729;597;729;597;777;516;777;parc;AAAA;SHA;SHIPPING_ADDRESS;Shipping Address
invoice-2871.tiff;1;1;2480;3508;353179;1541;729;57;48;1541;729;1598;729;1598;777;1541;777;24,;NNS;BA;BILLING_ADDRESS;Billing Address
invoice-2871.tiff;1;1;2480;3508;353180;1611;729;60;48;1611;729;1671;729;1671;777;1611;777;rue;AAA;BA;BILLING_ADDRESS;Billing Address
invoice-2871.tiff;1;1;2480;3508;353181;1682;729;46;48;1682;729;1728;729;1728;777;1682;777;du;AA;BA;BILLING_ADDRESS;Billing Address
invoice-2871.tiff;1;1;2480;3508;353182;1740;729;122;48;1740;729;1862;729;1862;777;1740;777;balcon;AAAAAA;BA;BILLING_ADDRESS;Billing Address
invoice-2871.tiff;1;1;2480;3508;353183;1875;729;46;48;1875;729;1921;729;1921;777;1875;777;du;AA;BA;BILLING_ADDRESS;Billing Address
invoice-2871.tiff;1;1;2480;3508;353184;1933;729;81;48;1933;729;2014;729;2014;777;1933;777;parc;AAAA;BA;BILLING_ADDRESS;Billing Address
invoice-2871.tiff;1;1;2480;3508;353171;124;778;115;48;124;778;239;778;239;826;124;826;10220;NNNNN;SHA;SHIPPING_ADDRESS;Shipping Address
invoice-2871.tiff;1;1;2480;3508;353172;282;778;254;48;282;778;536;778;536;826;282;826;Rouilly-Sacey;AAAAAAASAAAAA;SHA;SHIPPING_ADDRESS;Shipping Address
invoice-2871.tiff;1;1;2480;3508;353185;1541;778;115;48;1541;778;1656;778;1656;826;1541;826;10220;NNNNN;BA;BILLING_ADDRESS;Billing Address
invoice-2871.tiff;1;1;2480;3508;353186;1699;778;254;48;1699;778;1953;778;1953;826;1699;826;Rouilly-Sacey;AAAAAAASAAAAA;BA;BILLING_ADDRESS;Billing Address
invoice-2871.tiff;1;1;2480;3508;353173;124;826;129;48;124;826;253;826;253;874;124;874;France;AAAAAA;SHA;SHIPPING_ADDRESS;Shipping Address
invoice-2871.tiff;1;1;2480;3508;353187;1541;826;129;48;1541;826;1670;826;1670;874;1541;874;France;AAAAAA;BA;BILLING_ADDRESS;Billing Address
invoice-2871.tiff;1;1;2480;3508;353191;1541;1106;157;54;1541;1106;1698;1106;1698;1160;1541;1160;Invoice;AAAAAAA;undefined;OTHER;OTHER
invoice-2871.tiff;1;1;2480;3508;353192;1712;1106;173;54;1712;1106;1885;1106;1885;1160;1712;1160;Number;AAAAAA;undefined;OTHER;OTHER
invoice-2871.tiff;1;1;2480;3508;353193;2166;1106;231;48;2166;1106;2397;1106;2397;1154;2166;1154;8065344246;NNNNNNNNNN;IN;INVOICE_NUMBER;Invoice Number
invoice-2871.tiff;1;1;2480;3508;353194;1541;1182;99;54;1541;1182;1640;1182;1640;1236;1541;1236;Date;AAAA;undefined;OTHER;OTHER
invoice-2871.tiff;1;1;2480;3508;353195;2166;1182;46;48;2166;1182;2212;1182;2212;1230;2166;1230;27;NN;IDATE;INVOICE_DATE;Invoice Date
invoice-2871.tiff;1;1;2480;3508;353196;2224;1182;90;48;2224;1182;2314;1182;2314;1230;2224;1230;may,;AAAS;IDATE;INVOICE_DATE;Invoice Date
invoice-2871.tiff;1;1;2480;3508;353197;2326;1182;92;48;2326;1182;2418;1182;2418;1230;2326;1230;1992;NNNN;IDATE;INVOICE_DATE;Invoice Date
invoice-2871.tiff;1;1;2480;3508;353188;124;1219;127;54;124;1219;251;1219;251;1273;124;1273;Client;AAAAAA;undefined;OTHER;OTHER
invoice-2871.tiff;1;1;2480;3508;353189;265;1219;173;54;265;1219;438;1219;438;1273;265;1273;Number;AAAAAA;undefined;OTHER;OTHER
invoice-2871.tiff;1;1;2480;3508;353190;750;1219;115;48;750;1219;865;1219;865;1267;750;1267;50614;NNNNN;CNUM;CLIENT_NUMBER;Client Number
invoice-2871.tiff;1;1;2480;3508;353198;1541;1257;124;54;1541;1257;1665;1257;1665;1311;1541;1311;Order;AAAAA;undefined;OTHER;OTHER
invoice-2871.tiff;1;1;2480;3508;353199;1679;1257;173;54;1679;1257;1852;1257;1852;1311;1679;1311;Number;AAAAAA;undefined;OTHER;OTHER
invoice-2871.tiff;1;1;2480;3508;353200;2166;1257;92;48;2166;1257;2258;1257;2258;1305;2166;1305;8886;NNNN;ONUM;ORDER_NUMBER;Order Number
invoice-2871.tiff;1;1;2480;3508;353201;1541;1332;135;54;1541;1332;1676;1332;1676;1386;1541;1386;Payed;AAAAA;undefined;OTHER;OTHER
invoice-2871.tiff;1;1;2480;3508;353202;1689;1332;173;54;1689;1332;1862;1332;1862;1386;1689;1386;through;AAAAAAA;undefined;OTHER;OTHER
invoice-2871.tiff;1;1;2480;3508;353203;2166;1332;145;48;2166;1332;2311;1332;2311;1380;2166;1380;Cheque;AAAAAA;PMODE;PAYMENT_MODE;Payment Mode
invoice-2871.tiff;1;1;2480;3508;353204;171;1799;73;54;171;1799;244;1799;244;1853;171;1853;No.;AAS;undefined;OTHER;OTHER
invoice-2871.tiff;1;1;2480;3508;353205;548;1799;277;54;548;1799;825;1799;825;1853;548;1853;Descriptions;AAAAAAAAAAAA;undefined;OTHER;OTHER
invoice-2871.tiff;1;1;2480;3508;353206;1190;1799;76;54;1190;1799;1266;1799;1266;1853;1190;1853;Qty;AAA;undefined;OTHER;OTHER
invoice-2871.tiff;1;1;2480;3508;353207;1476;1799;89;54;1476;1799;1565;1799;1565;1853;1476;1853;U.P.;ASAS;undefined;OTHER;OTHER
invoice-2871.tiff;1;1;2480;3508;353208;1714;1799;196;54;1714;1799;1910;1799;1910;1853;1714;1853;VAT/TVA;AAASAAA;undefined;OTHER;OTHER
invoice-2871.tiff;1;1;2480;3508;353209;2017;1799;173;54;2017;1799;2190;1799;2190;1853;2017;1853;Amount;AAAAAA;undefined;OTHER;OTHER
invoice-2871.tiff;1;1;2480;3508;353210;196;1874;23;49;196;1874;219;1874;219;1923;196;1923;1;N;undefined;OTHER;OTHER
invoice-2871.tiff;1;1;2480;3508;353211;291;1874;71;49;291;1874;362;1874;362;1923;291;1923;Jeu;AAA;undefined;OTHER;OTHER
invoice-2871.tiff;1;1;2480;3508;353212;375;1874;101;49;375;1874;476;1874;476;1923;375;1923;Xbox;AAAA;undefined;OTHER;OTHER
invoice-2871.tiff;1;1;2480;3508;353213;488;1874;81;49;488;1874;569;1874;569;1923;488;1923;One;AAA;undefined;OTHER;OTHER
invoice-2871.tiff;1;1;2480;3508;353214;581;1874;201;49;581;1874;782;1874;782;1923;581;1923;Electronic;AAAAAAAAAA;undefined;OTHER;OTHER
invoice-2871.tiff;1;1;2480;3508;353215;794;1874;83;49;794;1874;877;1874;877;1923;794;1923;Arts;AAAA;undefined;OTHER;OTHER
invoice-2871.tiff;1;1;2480;3508;353218;1217;1874;23;49;1217;1874;1240;1874;1240;1923;1217;1923;2;N;undefined;OTHER;OTHER
invoice-2871.tiff;1;1;2480;3508;353219;1468;1874;104;49;1468;1874;1572;1874;1572;1923;1468;1923;37,49;NNSNN;undefined;OTHER;OTHER
invoice-2871.tiff;1;1;2480;3508;353220;1753;1874;118;49;1753;1874;1871;1874;1871;1923;1753;1923;20.0%;NNSNS;undefined;OTHER;OTHER
invoice-2871.tiff;1;1;2480;3508;353221;2052;1874;104;49;2052;1874;2156;1874;2156;1923;2052;1923;74,98;NNSNN;undefined;OTHER;OTHER
invoice-2871.tiff;1;1;2480;3508;353216;291;1924;201;49;291;1924;492;1924;492;1973;291;1973;Battlefield;AAAAAAAAAAA;undefined;OTHER;OTHER
invoice-2871.tiff;1;1;2480;3508;353217;504;1924;23;49;504;1924;527;1924;527;1973;504;1973;1;N;undefined;OTHER;OTHER
invoice-2871.tiff;1;1;2480;3508;353222;196;2015;23;49;196;2015;219;2015;219;2064;196;2064;2;N;undefined;OTHER;OTHER
invoice-2871.tiff;1;1;2480;3508;353223;291;2015;94;49;291;2015;385;2015;385;2064;291;2064;Lave;AAAA;undefined;OTHER;OTHER
invoice-2871.tiff;1;1;2480;3508;353224;398;2015;173;49;398;2015;571;2015;571;2064;398;2064;vaisselle;AAAAAAAAA;undefined;OTHER;OTHER
invoice-2871.tiff;1;1;2480;3508;353225;583;2015;157;49;583;2015;740;2015;740;2064;583;2064;cuisson;AAAAAAA;undefined;OTHER;OTHER
invoice-2871.tiff;1;1;2480;3508;353226;752;2015;127;49;752;2015;879;2015;879;2064;752;2064;Candy;AAAAA;undefined;OTHER;OTHER
invoice-2871.tiff;1;1;2480;3508;353227;891;2015;99;49;891;2015;990;2015;990;2064;891;2064;TRIO;AAAA;undefined;OTHER;OTHER
invoice-2871.tiff;1;1;2480;3508;353230;1217;2015;23;49;1217;2015;1240;2015;1240;2064;1217;2064;3;N;undefined;OTHER;OTHER
invoice-2871.tiff;1;1;2480;3508;353231;1457;2015;127;49;1457;2015;1584;2015;1584;2064;1457;2064;915,83;NNNSNN;undefined;OTHER;OTHER
invoice-2871.tiff;1;1;2480;3508;353232;1753;2015;118;49;1753;2015;1871;2015;1871;2064;1753;2064;20.0%;NNSNS;undefined;OTHER;OTHER
invoice-2871.tiff;1;1;2480;3508;353233;2028;2015;150;49;2028;2015;2178;2015;2178;2064;2028;2064;2747,50;NNNNSNN;undefined;OTHER;OTHER
invoice-2871.tiff;1;1;2480;3508;353228;291;2064;132;49;291;2064;423;2064;423;2113;291;2113;9501W;NNNNA;undefined;OTHER;OTHER
invoice-2871.tiff;1;1;2480;3508;353229;435;2064;136;49;435;2064;571;2064;571;2113;435;2113;(blanc);SAAAAAS;undefined;OTHER;OTHER
invoice-2871.tiff;1;1;2480;3508;353234;196;2156;23;49;196;2156;219;2156;219;2205;196;2205;3;N;undefined;OTHER;OTHER
invoice-2871.tiff;1;1;2480;3508;353235;291;2156;173;49;291;2156;464;2156;464;2205;291;2205;Enceinte;AAAAAAAA;undefined;OTHER;OTHER
invoice-2871.tiff;1;1;2480;3508;353236;476;2156;99;49;476;2156;575;2156;575;2205;476;2205;sono;AAAA;undefined;OTHER;OTHER
invoice-2871.tiff;1;1;2480;3508;353237;588;2156;187;49;588;2156;775;2156;775;2205;588;2205;Mydeejay;AAAAAAAA;undefined;OTHER;OTHER
invoice-2871.tiff;1;1;2480;3508;353238;787;2156;62;49;787;2156;849;2156;849;2205;787;2205;MY;AA;undefined;OTHER;OTHER
invoice-2871.tiff;1;1;2480;3508;353239;861;2156;166;49;861;2156;1027;2156;1027;2205;861;2205;DEEJAY;AAAAAA;undefined;OTHER;OTHER
invoice-2871.tiff;1;1;2480;3508;353241;1217;2156;23;49;1217;2156;1240;2156;1240;2205;1217;2205;4;N;undefined;OTHER;OTHER
invoice-2871.tiff;1;1;2480;3508;353242;1468;2156;104;49;1468;2156;1572;2156;1572;2205;1468;2205;58,33;NNSNN;undefined;OTHER;OTHER
invoice-2871.tiff;1;1;2480;3508;353243;1753;2156;118;49;1753;2156;1871;2156;1871;2205;1753;2205;20.0%;NNSNS;undefined;OTHER;OTHER
invoice-2871.tiff;1;1;2480;3508;353244;2040;2156;127;49;2040;2156;2167;2156;2167;2205;2040;2205;233,30;NNNSNN;undefined;OTHER;OTHER
invoice-2871.tiff;1;1;2480;3508;353240;291;2205;266;49;291;2205;557;2205;557;2254;291;2254;FUZZY-08-RE;AAAAASNNSAA;undefined;OTHER;OTHER
invoice-2871.tiff;1;1;2480;3508;353245;196;2297;23;49;196;2297;219;2297;219;2346;196;2346;4;N;undefined;OTHER;OTHER
invoice-2871.tiff;1;1;2480;3508;353246;291;2297;166;49;291;2297;457;2297;457;2346;291;2346;Appareil;AAAAAAAA;undefined;OTHER;OTHER
invoice-2871.tiff;1;1;2480;3508;353247;469;2297;23;49;469;2297;492;2297;492;2346;469;2346;à;A;undefined;OTHER;OTHER
invoice-2871.tiff;1;1;2480;3508;353248;504;2297;182;49;504;2297;686;2297;686;2346;504;2346;brownies;AAAAAAAA;undefined;OTHER;OTHER
invoice-2871.tiff;1;1;2480;3508;353249;699;2297;129;49;699;2297;828;2297;828;2346;699;2346;Tristar;AAAAAAA;undefined;OTHER;OTHER
invoice-2871.tiff;1;1;2480;3508;353250;840;2297;164;49;840;2297;1004;2297;1004;2346;840;2346;SA-1125;AASNNNN;undefined;OTHER;OTHER
invoice-2871.tiff;1;1;2480;3508;353251;1217;2297;23;49;1217;2297;1240;2297;1240;2346;1217;2346;1;N;undefined;OTHER;OTHER
invoice-2871.tiff;1;1;2480;3508;353252;1468;2297;104;49;1468;2297;1572;2297;1572;2346;1468;2346;19,48;NNSNN;undefined;OTHER;OTHER
invoice-2871.tiff;1;1;2480;3508;353253;1753;2297;118;49;1753;2297;1871;2297;1871;2346;1753;2346;20.0%;NNSNS;undefined;OTHER;OTHER
invoice-2871.tiff;1;1;2480;3508;353254;2052;2297;104;49;2052;2297;2156;2297;2156;2346;2052;2346;19,48;NNSNN;undefined;OTHER;OTHER
invoice-2871.tiff;1;1;2480;3508;353255;196;2388;23;49;196;2388;219;2388;219;2437;196;2437;5;N;undefined;OTHER;OTHER
invoice-2871.tiff;1;1;2480;3508;353256;291;2388;120;49;291;2388;411;2388;411;2437;291;2437;Drone;AAAAA;undefined;OTHER;OTHER
invoice-2871.tiff;1;1;2480;3508;353257;423;2388;152;49;423;2388;575;2388;575;2437;423;2437;Hubsan;AAAAAA;undefined;OTHER;OTHER
invoice-2871.tiff;1;1;2480;3508;353258;587;2388;127;49;587;2388;714;2388;714;2437;587;2437;H501S;ANNNA;undefined;OTHER;OTHER
invoice-2871.tiff;1;1;2480;3508;353259;726;2388;81;49;726;2388;807;2388;807;2437;726;2437;FPV;AAA;undefined;OTHER;OTHER
invoice-2871.tiff;1;1;2480;3508;353260;819;2388;50;49;819;2388;869;2388;869;2437;819;2437;X4;AN;undefined;OTHER;OTHER
invoice-2871.tiff;1;1;2480;3508;353261;1217;2388;23;49;1217;2388;1240;2388;1240;2437;1217;2437;4;N;undefined;OTHER;OTHER
invoice-2871.tiff;1;1;2480;3508;353262;1457;2388;127;49;1457;2388;1584;2388;1584;2437;1457;2437;240,83;NNNSNN;undefined;OTHER;OTHER
invoice-2871.tiff;1;1;2480;3508;353263;1753;2388;118;49;1753;2388;1871;2388;1871;2437;1753;2437;20.0%;NNSNS;undefined;OTHER;OTHER
invoice-2871.tiff;1;1;2480;3508;353264;2040;2388;127;49;2040;2388;2167;2388;2167;2437;2040;2437;963,33;NNNSNN;undefined;OTHER;OTHER
invoice-2871.tiff;1;1;2480;3508;353265;1940;2521;154;54;1940;2521;2094;2521;2094;2575;1940;2575;@DISC;SAAAA;undefined;OTHER;OTHER
invoice-2871.tiff;1;1;2480;3508;353266;2115;2521;81;49;2115;2521;2196;2521;2196;2570;2115;2570;0,00;NSNN;undefined;OTHER;OTHER
invoice-2871.tiff;1;1;2480;3508;353267;1831;2575;173;54;1831;2575;2004;2575;2004;2629;1831;2629;Amount;AAAAAA;undefined;OTHER;OTHER
invoice-2871.tiff;1;1;2480;3508;353268;2046;2575;150;49;2046;2575;2196;2575;2196;2624;2046;2624;4038,60;NNNNSNN;TWTX;TOTAL_WITHOUT_TAX;TWTXS
invoice-2871.tiff;1;1;2480;3508;353269;1750;2630;91;54;1750;2630;1841;2630;1841;2684;1750;2684;TVA;AAA;undefined;OTHER;OTHER
invoice-2871.tiff;1;1;2480;3508;353270;1854;2630;173;54;1854;2630;2027;2630;2027;2684;1854;2684;Amount;AAAAAA;undefined;OTHER;OTHER
invoice-2871.tiff;1;1;2480;3508;353271;2069;2630;127;49;2069;2630;2196;2630;2196;2679;2069;2679;807,72;NNNSNN;TTX;TOTAL_TAX;Total Tax
invoice-2871.tiff;1;1;2480;3508;353272;1709;2684;109;54;1709;2684;1818;2684;1818;2738;1709;2738;Total;AAAAA;undefined;OTHER;OTHER
invoice-2871.tiff;1;1;2480;3508;353273;1831;2684;173;54;1831;2684;2004;2684;2004;2738;1831;2738;Amount;AAAAAA;undefined;OTHER;OTHER
invoice-2871.tiff;1;1;2480;3508;353274;2046;2684;150;49;2046;2684;2196;2684;2196;2733;2046;2733;4846,32;NNNNSNN;TA;TOTAL_AMOUNT;Total with TAX
invoice-2871.tiff;1;1;2480;3508;353275;124;3154;90;49;124;3154;214;3154;214;3203;124;3203;TOO;AAA;SN;SUPPLIER_NAME;Seller/Company) name
invoice-2871.tiff;1;1;2480;3508;353276;226;3154;175;49;226;3154;401;3154;401;3203;226;3203;PROPRE;AAAAAA;SN;SUPPLIER_NAME;Seller/Company) name
invoice-2871.tiff;1;1;2480;3508;353277;124;3203;46;48;124;3203;170;3203;170;3251;124;3251;26;NN;SA;SUPPLIER_ADDRESS;Seller Address
invoice-2871.tiff;1;1;2480;3508;353278;182;3203;87;48;182;3203;269;3203;269;3251;182;3251;RUE;AAA;SA;SUPPLIER_ADDRESS;Seller Address
invoice-2871.tiff;1;1;2480;3508;353279;282;3203;104;48;282;3203;386;3203;386;3251;282;3251;JOEL;AAAA;SA;SUPPLIER_ADDRESS;Seller Address
invoice-2871.tiff;1;1;2480;3508;353280;398;3203;169;48;398;3203;567;3203;567;3251;398;3251;MARTEL;AAAAAA;SA;SUPPLIER_ADDRESS;Seller Address
invoice-2871.tiff;1;1;2480;3508;353281;124;3251;115;48;124;3251;239;3251;239;3299;124;3299;85530;NNNNN;SA;SUPPLIER_ADDRESS;Seller Address
invoice-2871.tiff;1;1;2480;3508;353282;282;3251;50;48;282;3251;332;3251;332;3299;282;3299;LA;AA;SA;SUPPLIER_ADDRESS;Seller Address
invoice-2871.tiff;1;1;2480;3508;353283;345;3251;236;48;345;3251;581;3251;581;3299;345;3299;BRUFFIERE;AAAAAAAAA;SA;SUPPLIER_ADDRESS;Seller Address
invoice-2871.tiff;1;1;2480;3508;353284;124;3300;171;48;124;3300;295;3300;295;3348;124;3348;FRANCE;AAAAAA;SA;SUPPLIER_ADDRESS;Seller Address
