src;num_pages;page_id;page_width;page_height;id;col;row;width;height;x1;y1;x2;y2;x3;y3;x4;y4;contents;contents_masked;correctclass;tag;description
invoice-2383.tiff;1;1;2480;3508;293267;124;62;123;175;124;62;247;62;247;237;124;237;common/logo;AAAAAASAAAA;img;IMAGE;Image
invoice-2383.tiff;1;1;2480;3508;293268;750;237;50;43;750;237;800;237;800;280;750;280;LA;AA;SN;SUPPLIER_NAME;Seller/Company) name
invoice-2383.tiff;1;1;2480;3508;293269;824;237;150;43;824;237;974;237;974;280;824;280;GRAND';AAAAAS;SN;SUPPLIER_NAME;Seller/Company) name
invoice-2383.tiff;1;1;2480;3508;293270;999;237;124;43;999;237;1123;237;1123;280;999;280;VOILE;AAAAA;SN;SUPPLIER_NAME;Seller/Company) name
invoice-2383.tiff;1;1;2480;3508;293271;750;281;150;43;750;281;900;281;900;324;750;324;AVENUE;AAAAAA;SA;SUPPLIER_ADDRESS;Seller Address
invoice-2383.tiff;1;1;2480;3508;293272;924;281;200;43;924;281;1124;281;1124;324;924;324;FREDERIC;AAAAAAAA;SA;SUPPLIER_ADDRESS;Seller Address
invoice-2383.tiff;1;1;2480;3508;293273;1150;281;175;43;1150;281;1325;281;1325;324;1150;324;MISTRAL;AAAAAAA;SA;SUPPLIER_ADDRESS;Seller Address
invoice-2383.tiff;1;1;2480;3508;293274;1333;281;25;43;1333;281;1358;281;1358;324;1333;324;-;S;SA;SUPPLIER_ADDRESS;Seller Address
invoice-2383.tiff;1;1;2480;3508;293275;1383;281;124;43;1383;281;1507;281;1507;324;1383;324;83240;NNNNN;SA;SUPPLIER_ADDRESS;Seller Address
invoice-2383.tiff;1;1;2480;3508;293276;1541;281;224;43;1541;281;1765;281;1765;324;1541;324;CAVALAIRE;AAAAAAAAA;SA;SUPPLIER_ADDRESS;Seller Address
invoice-2383.tiff;1;1;2480;3508;293277;1791;281;75;43;1791;281;1866;281;1866;324;1791;324;SUR;AAA;SA;SUPPLIER_ADDRESS;Seller Address
invoice-2383.tiff;1;1;2480;3508;293278;1891;281;75;43;1891;281;1966;281;1966;324;1891;324;MER;AAA;SA;SUPPLIER_ADDRESS;Seller Address
invoice-2383.tiff;1;1;2480;3508;293279;1974;281;25;43;1974;281;1999;281;1999;324;1974;324;-;S;SA;SUPPLIER_ADDRESS;Seller Address
invoice-2383.tiff;1;1;2480;3508;293280;2024;281;150;43;2024;281;2174;281;2174;324;2024;324;FRANCE;AAAAAA;SA;SUPPLIER_ADDRESS;Seller Address
invoice-2383.tiff;1;1;2480;3508;293281;750;325;50;43;750;325;800;325;800;368;750;368;N°;AS;undefined;OTHER;OTHER
invoice-2383.tiff;1;1;2480;3508;293282;824;325;75;43;824;325;899;325;899;368;824;368;TVA;AAA;undefined;OTHER;OTHER
invoice-2383.tiff;1;1;2480;3508;293283;916;325;50;43;916;325;966;325;966;368;916;368;FR;AA;SVAT;SUPPLIER_VAT;Seller Vat Number/TVA
invoice-2383.tiff;1;1;2480;3508;293284;991;325;50;43;991;325;1041;325;1041;368;991;368;28;NN;SVAT;SUPPLIER_VAT;Seller Vat Number/TVA
invoice-2383.tiff;1;1;2480;3508;293285;1066;325;75;43;1066;325;1141;325;1141;368;1066;368;702;NNN;SVAT;SUPPLIER_VAT;Seller Vat Number/TVA
invoice-2383.tiff;1;1;2480;3508;293286;1166;325;75;43;1166;325;1241;325;1241;368;1166;368;700;NNN;SVAT;SUPPLIER_VAT;Seller Vat Number/TVA
invoice-2383.tiff;1;1;2480;3508;293287;1266;325;75;43;1266;325;1341;325;1341;368;1266;368;662;NNN;SVAT;SUPPLIER_VAT;Seller Vat Number/TVA
invoice-2383.tiff;1;1;2480;3508;293288;750;369;224;43;750;369;974;369;974;412;750;412;Téléphone;AAAAAAAAA;undefined;OTHER;OTHER
invoice-2383.tiff;1;1;2480;3508;293289;999;369;350;43;999;369;1349;369;1349;412;999;412;01.87.21.73.73;NNSNNSNNSNNSNN;SCN;SUPPLIER_CONTACT_NUMBER;Seller Contact Number
invoice-2383.tiff;1;1;2480;3508;293290;1391;369;224;43;1391;369;1615;369;1615;412;1391;412;Télécopie;AAAAAAAAA;undefined;OTHER;OTHER
invoice-2383.tiff;1;1;2480;3508;293291;1641;369;350;43;1641;369;1991;369;1991;412;1641;412;01.87.21.03.92;NNSNNSNNSNNSNN;SFAX;SUPPLIER_FAX_NUMBER;Seller Fax Number
invoice-2383.tiff;1;1;2480;3508;293304;1541;724;210;52;1541;724;1751;724;1751;776;1541;776;Adresse;AAAAAAA;undefined;OTHER;OTHER
invoice-2383.tiff;1;1;2480;3508;293305;1781;724;329;52;1781;724;2110;724;2110;776;1781;776;Facturation;AAAAAAAAAAA;undefined;OTHER;OTHER
invoice-2383.tiff;1;1;2480;3508;293306;1541;777;124;43;1541;777;1665;777;1665;820;1541;820;Carla;AAAAA;BN;BILLING_NAME;Billing Name
invoice-2383.tiff;1;1;2480;3508;293307;1691;777;175;43;1691;777;1866;777;1866;820;1691;820;Poirier;AAAAAAA;BN;BILLING_NAME;Billing Name
invoice-2383.tiff;1;1;2480;3508;293308;1541;821;75;43;1541;821;1616;821;1616;864;1541;864;52,;NNS;BA;BILLING_ADDRESS;Billing Address
invoice-2383.tiff;1;1;2480;3508;293309;1641;821;150;43;1641;821;1791;821;1791;864;1641;864;avenue;AAAAAA;BA;BILLING_ADDRESS;Billing Address
invoice-2383.tiff;1;1;2480;3508;293310;1816;821;175;43;1816;821;1991;821;1991;864;1816;864;raymond;AAAAAAA;BA;BILLING_ADDRESS;Billing Address
invoice-2383.tiff;1;1;2480;3508;293311;2016;821;150;43;2016;821;2166;821;2166;864;2016;864;sommer;AAAAAA;BA;BILLING_ADDRESS;Billing Address
invoice-2383.tiff;1;1;2480;3508;293292;124;835;275;48;124;835;399;835;399;883;124;883;Facture-n°;AAAAAAASAS;undefined;OTHER;OTHER
invoice-2383.tiff;1;1;2480;3508;293293;750;835;249;43;750;835;999;835;999;878;750;878;4333733734;NNNNNNNNNN;IN;INVOICE_NUMBER;Invoice Number
invoice-2383.tiff;1;1;2480;3508;293312;1541;865;124;43;1541;865;1665;865;1665;908;1541;908;31480;NNNNN;BA;BILLING_ADDRESS;Billing Address
invoice-2383.tiff;1;1;2480;3508;293313;1708;865;175;43;1708;865;1883;865;1883;908;1708;908;Cadours;AAAAAAA;BA;BILLING_ADDRESS;Billing Address
invoice-2383.tiff;1;1;2480;3508;293294;124;904;54;48;124;904;178;904;178;952;124;952;Du;AA;undefined;OTHER;OTHER
invoice-2383.tiff;1;1;2480;3508;293295;750;904;50;43;750;904;800;904;800;947;750;947;12;NN;IDATE;INVOICE_DATE;Invoice Date
invoice-2383.tiff;1;1;2480;3508;293296;824;904;75;43;824;904;899;904;899;947;824;947;dic;AAA;IDATE;INVOICE_DATE;Invoice Date
invoice-2383.tiff;1;1;2480;3508;293297;924;904;100;43;924;904;1024;904;1024;947;924;947;1996;NNNN;IDATE;INVOICE_DATE;Invoice Date
invoice-2383.tiff;1;1;2480;3508;293314;1541;908;150;43;1541;908;1691;908;1691;951;1541;951;France;AAAAAA;BA;BILLING_ADDRESS;Billing Address
invoice-2383.tiff;1;1;2480;3508;293298;124;973;247;48;124;973;371;973;371;1021;124;1021;Client-n°;AAAAAASAS;undefined;OTHER;OTHER
invoice-2383.tiff;1;1;2480;3508;293299;750;973;124;43;750;973;874;973;874;1016;750;1016;44232;NNNNN;CNUM;CLIENT_NUMBER;Client Number
invoice-2383.tiff;1;1;2480;3508;293315;1541;994;210;52;1541;994;1751;994;1751;1046;1541;1046;Adresse;AAAAAAA;undefined;OTHER;OTHER
invoice-2383.tiff;1;1;2480;3508;293316;1781;994;270;52;1781;994;2051;994;2051;1046;1781;1046;Livraison;AAAAAAAAA;undefined;OTHER;OTHER
invoice-2383.tiff;1;1;2480;3508;293300;124;1042;109;48;124;1042;233;1042;233;1090;124;1090;Mode;AAAA;undefined;OTHER;OTHER
invoice-2383.tiff;1;1;2480;3508;293301;262;1042;54;48;262;1042;316;1042;316;1090;262;1090;de;AA;undefined;OTHER;OTHER
invoice-2383.tiff;1;1;2480;3508;293302;345;1042;247;48;345;1042;592;1042;592;1090;345;1090;règlement;AAAAAAAAA;undefined;OTHER;OTHER
invoice-2383.tiff;1;1;2480;3508;293303;750;1042;150;43;750;1042;900;1042;900;1085;750;1085;Chèque;AAAAAA;PMODE;PAYMENT_MODE;Payment Mode
invoice-2383.tiff;1;1;2480;3508;293317;1541;1047;124;43;1541;1047;1665;1047;1665;1090;1541;1090;Carla;AAAAA;SHN;SHIPPING_NAME;Shipping Name
invoice-2383.tiff;1;1;2480;3508;293318;1691;1047;175;43;1691;1047;1866;1047;1866;1090;1691;1090;Poirier;AAAAAAA;SHN;SHIPPING_NAME;Shipping Name
invoice-2383.tiff;1;1;2480;3508;293319;1541;1090;75;43;1541;1090;1616;1090;1616;1133;1541;1133;52,;NNS;SHA;SHIPPING_ADDRESS;Shipping Address
invoice-2383.tiff;1;1;2480;3508;293320;1641;1090;150;43;1641;1090;1791;1090;1791;1133;1641;1133;avenue;AAAAAA;SHA;SHIPPING_ADDRESS;Shipping Address
invoice-2383.tiff;1;1;2480;3508;293321;1816;1090;175;43;1816;1090;1991;1090;1991;1133;1816;1133;raymond;AAAAAAA;SHA;SHIPPING_ADDRESS;Shipping Address
invoice-2383.tiff;1;1;2480;3508;293322;2016;1090;150;43;2016;1090;2166;1090;2166;1133;2016;1133;sommer;AAAAAA;SHA;SHIPPING_ADDRESS;Shipping Address
invoice-2383.tiff;1;1;2480;3508;293323;1541;1134;124;43;1541;1134;1665;1134;1665;1177;1541;1177;31480;NNNNN;SHA;SHIPPING_ADDRESS;Shipping Address
invoice-2383.tiff;1;1;2480;3508;293324;1708;1134;175;43;1708;1134;1883;1134;1883;1177;1708;1177;Cadours;AAAAAAA;SHA;SHIPPING_ADDRESS;Shipping Address
invoice-2383.tiff;1;1;2480;3508;293325;1541;1178;150;43;1541;1178;1691;1178;1691;1221;1541;1221;France;AAAAAA;SHA;SHIPPING_ADDRESS;Shipping Address
invoice-2383.tiff;1;1;2480;3508;293331;2007;1515;192;48;2007;1515;2199;1515;2199;1563;2007;1563;Montant;AAAAAAA;undefined;OTHER;OTHER
invoice-2383.tiff;1;1;2480;3508;293326;153;1563;109;48;153;1563;262;1563;262;1611;153;1611;Non.;AAAS;undefined;OTHER;OTHER
invoice-2383.tiff;1;1;2480;3508;293327;396;1563;82;48;396;1563;478;1563;478;1611;396;1611;Qté;AAA;undefined;OTHER;OTHER
invoice-2383.tiff;1;1;2480;3508;293328;827;1563;302;48;827;1563;1129;1563;1129;1611;827;1611;Désignation;AAAAAAAAAAA;undefined;OTHER;OTHER
invoice-2383.tiff;1;1;2480;3508;293329;1493;1563;54;48;1493;1563;1547;1563;1547;1611;1493;1611;UP;AA;undefined;OTHER;OTHER
invoice-2383.tiff;1;1;2480;3508;293330;1771;1563;82;48;1771;1563;1853;1563;1853;1611;1771;1611;TVA;AAA;undefined;OTHER;OTHER
invoice-2383.tiff;1;1;2480;3508;293332;2049;1563;109;48;2049;1563;2158;1563;2158;1611;2049;1611;H.T.;ASAS;undefined;OTHER;OTHER
invoice-2383.tiff;1;1;2480;3508;293333;195;1632;25;43;195;1632;220;1632;220;1675;195;1675;1;N;undefined;OTHER;OTHER
invoice-2383.tiff;1;1;2480;3508;293334;424;1632;25;43;424;1632;449;1632;449;1675;424;1675;3;N;undefined;OTHER;OTHER
invoice-2383.tiff;1;1;2480;3508;293335;583;1632;150;43;583;1632;733;1632;733;1675;583;1675;Plaque;AAAAAA;undefined;OTHER;OTHER
invoice-2383.tiff;1;1;2480;3508;293336;758;1632;50;43;758;1632;808;1632;808;1675;758;1675;de;AA;undefined;OTHER;OTHER
invoice-2383.tiff;1;1;2480;3508;293337;833;1632;175;43;833;1632;1008;1632;1008;1675;833;1675;cuisson;AAAAAAA;undefined;OTHER;OTHER
invoice-2383.tiff;1;1;2480;3508;293338;1033;1632;249;43;1033;1632;1282;1632;1282;1675;1033;1675;Essentielb;AAAAAAAAAA;undefined;OTHER;OTHER
invoice-2383.tiff;1;1;2480;3508;293339;1308;1632;25;43;1308;1632;1333;1632;1333;1675;1308;1675;à;A;undefined;OTHER;OTHER
invoice-2383.tiff;1;1;2480;3508;293347;1408;1632;124;43;1408;1632;1532;1632;1532;1675;1408;1675;10,82;NNSNN;undefined;OTHER;OTHER
invoice-2383.tiff;1;1;2480;3508;293348;1558;1632;75;43;1558;1632;1633;1632;1633;1675;1558;1675;EUR;AAA;undefined;OTHER;OTHER
invoice-2383.tiff;1;1;2480;3508;293349;1749;1632;124;43;1749;1632;1873;1632;1873;1675;1749;1675;20.0%;NNSNS;undefined;OTHER;OTHER
invoice-2383.tiff;1;1;2480;3508;293350;1991;1632;124;43;1991;1632;2115;1632;2115;1675;1991;1675;32,47;NNSNN;undefined;OTHER;OTHER
invoice-2383.tiff;1;1;2480;3508;293351;2141;1632;75;43;2141;1632;2216;1632;2216;1675;2141;1675;EUR;AAA;undefined;OTHER;OTHER
invoice-2383.tiff;1;1;2480;3508;293340;583;1676;175;43;583;1676;758;1676;758;1719;583;1719;génoise;AAAAAAA;undefined;OTHER;OTHER
invoice-2383.tiff;1;1;2480;3508;293341;783;1676;200;43;783;1676;983;1676;983;1719;783;1719;silicone;AAAAAAAA;undefined;OTHER;OTHER
invoice-2383.tiff;1;1;2480;3508;293342;1008;1676;50;43;1008;1676;1058;1676;1058;1719;1008;1719;37;NN;undefined;OTHER;OTHER
invoice-2383.tiff;1;1;2480;3508;293343;1083;1676;50;43;1083;1676;1133;1676;1133;1719;1083;1719;cm;AA;undefined;OTHER;OTHER
invoice-2383.tiff;1;1;2480;3508;293344;1158;1676;25;43;1158;1676;1183;1676;1183;1719;1158;1719;X;A;undefined;OTHER;OTHER
invoice-2383.tiff;1;1;2480;3508;293345;1208;1676;50;43;1208;1676;1258;1676;1258;1719;1208;1719;27;NN;undefined;OTHER;OTHER
invoice-2383.tiff;1;1;2480;3508;293346;1283;1676;50;43;1283;1676;1333;1676;1333;1719;1283;1719;CM;AA;undefined;OTHER;OTHER
invoice-2383.tiff;1;1;2480;3508;293352;195;1761;25;43;195;1761;220;1761;220;1804;195;1804;2;N;undefined;OTHER;OTHER
invoice-2383.tiff;1;1;2480;3508;293353;424;1761;25;43;424;1761;449;1761;449;1804;424;1804;1;N;undefined;OTHER;OTHER
invoice-2383.tiff;1;1;2480;3508;293354;583;1761;249;43;583;1761;832;1761;832;1804;583;1804;Accessoire;AAAAAAAAAA;undefined;OTHER;OTHER
invoice-2383.tiff;1;1;2480;3508;293355;858;1761;124;43;858;1761;982;1761;982;1804;858;1804;stylo;AAAAA;undefined;OTHER;OTHER
invoice-2383.tiff;1;1;2480;3508;293356;1008;1761;50;43;1008;1761;1058;1761;1058;1804;1008;1804;3D;NA;undefined;OTHER;OTHER
invoice-2383.tiff;1;1;2480;3508;293357;1083;1761;200;43;1083;1761;1283;1761;1283;1804;1083;1804;3doodler;NAAAAAAA;undefined;OTHER;OTHER
invoice-2383.tiff;1;1;2480;3508;293360;1408;1761;124;43;1408;1761;1532;1761;1532;1804;1408;1804;16,58;NNSNN;undefined;OTHER;OTHER
invoice-2383.tiff;1;1;2480;3508;293361;1558;1761;75;43;1558;1761;1633;1761;1633;1804;1558;1804;EUR;AAA;undefined;OTHER;OTHER
invoice-2383.tiff;1;1;2480;3508;293362;1749;1761;124;43;1749;1761;1873;1761;1873;1804;1749;1804;20.0%;NNSNS;undefined;OTHER;OTHER
invoice-2383.tiff;1;1;2480;3508;293363;1991;1761;124;43;1991;1761;2115;1761;2115;1804;1991;1804;16,58;NNSNN;undefined;OTHER;OTHER
invoice-2383.tiff;1;1;2480;3508;293364;2141;1761;75;43;2141;1761;2216;1761;2216;1804;2141;1804;EUR;AAA;undefined;OTHER;OTHER
invoice-2383.tiff;1;1;2480;3508;293358;583;1805;150;43;583;1805;733;1805;733;1848;583;1848;Pédale;AAAAAA;undefined;OTHER;OTHER
invoice-2383.tiff;1;1;2480;3508;293359;758;1805;150;43;758;1805;908;1805;908;1848;758;1848;Create;AAAAAA;undefined;OTHER;OTHER
invoice-2383.tiff;1;1;2480;3508;293365;195;1891;25;43;195;1891;220;1891;220;1934;195;1934;3;N;undefined;OTHER;OTHER
invoice-2383.tiff;1;1;2480;3508;293366;424;1891;25;43;424;1891;449;1891;449;1934;424;1934;3;N;undefined;OTHER;OTHER
invoice-2383.tiff;1;1;2480;3508;293367;583;1891;200;43;583;1891;783;1891;783;1934;583;1934;Friteuse;AAAAAAAA;undefined;OTHER;OTHER
invoice-2383.tiff;1;1;2480;3508;293368;808;1891;175;43;808;1891;983;1891;983;1934;808;1934;Bestron;AAAAAAA;undefined;OTHER;OTHER
invoice-2383.tiff;1;1;2480;3508;293369;1008;1891;200;43;1008;1891;1208;1891;1208;1934;1008;1934;Friteuse;AAAAAAAA;undefined;OTHER;OTHER
invoice-2383.tiff;1;1;2480;3508;293370;1233;1891;25;43;1233;1891;1258;1891;1258;1934;1233;1934;-;S;undefined;OTHER;OTHER
invoice-2383.tiff;1;1;2480;3508;293372;1408;1891;124;43;1408;1891;1532;1891;1532;1934;1408;1934;74,07;NNSNN;undefined;OTHER;OTHER
invoice-2383.tiff;1;1;2480;3508;293373;1558;1891;75;43;1558;1891;1633;1891;1633;1934;1558;1934;EUR;AAA;undefined;OTHER;OTHER
invoice-2383.tiff;1;1;2480;3508;293374;1749;1891;124;43;1749;1891;1873;1891;1873;1934;1749;1934;20.0%;NNSNS;undefined;OTHER;OTHER
invoice-2383.tiff;1;1;2480;3508;293375;1979;1891;150;43;1979;1891;2129;1891;2129;1934;1979;1934;222,22;NNNSNN;undefined;OTHER;OTHER
invoice-2383.tiff;1;1;2480;3508;293376;2154;1891;75;43;2154;1891;2229;1891;2229;1934;2154;1934;EUR;AAA;undefined;OTHER;OTHER
invoice-2383.tiff;1;1;2480;3508;293371;583;1934;200;43;583;1934;783;1934;783;1977;583;1977;asf1304w;AAANNNNA;undefined;OTHER;OTHER
invoice-2383.tiff;1;1;2480;3508;293377;1586;2062;192;48;1586;2062;1778;2062;1778;2110;1586;2110;Montant;AAAAAAA;undefined;OTHER;OTHER
invoice-2383.tiff;1;1;2480;3508;293378;1806;2062;109;48;1806;2062;1915;2062;1915;2110;1806;2110;H.T.;ASAS;undefined;OTHER;OTHER
invoice-2383.tiff;1;1;2480;3508;293379;1958;2062;150;43;1958;2062;2108;2062;2108;2105;1958;2105;271,28;NNNSNN;TWTX;TOTAL_WITHOUT_TAX;TWTXS
invoice-2383.tiff;1;1;2480;3508;293380;2133;2062;75;43;2133;2062;2208;2062;2208;2105;2133;2105;EUR;AAA;TWTX;TOTAL_WITHOUT_TAX;TWTXS
invoice-2383.tiff;1;1;2480;3508;293381;1959;2110;82;48;1959;2110;2041;2110;2041;2158;1959;2158;TVA;AAA;undefined;OTHER;OTHER
invoice-2383.tiff;1;1;2480;3508;293382;2083;2110;124;43;2083;2110;2207;2110;2207;2153;2083;2153;20.0%;NNSNS;TXR;TAX_RATE;Tax Rate
invoice-2383.tiff;1;1;2480;3508;293383;1639;2158;192;48;1639;2158;1831;2158;1831;2206;1639;2206;Montant;AAAAAAA;undefined;OTHER;OTHER
invoice-2383.tiff;1;1;2480;3508;293384;1859;2158;82;48;1859;2158;1941;2158;1941;2206;1859;2206;TVA;AAA;undefined;OTHER;OTHER
invoice-2383.tiff;1;1;2480;3508;293385;1983;2158;124;43;1983;2158;2107;2158;2107;2201;1983;2201;54,26;NNSNN;TTX;TOTAL_TAX;Total Tax
invoice-2383.tiff;1;1;2480;3508;293386;2133;2158;75;43;2133;2158;2208;2158;2208;2201;2133;2201;EUR;AAA;TTX;TOTAL_TAX;Total Tax
invoice-2383.tiff;1;1;2480;3508;293387;1614;2206;192;48;1614;2206;1806;2206;1806;2254;1614;2254;Montant;AAAAAAA;undefined;OTHER;OTHER
invoice-2383.tiff;1;1;2480;3508;293388;1834;2206;82;48;1834;2206;1916;2206;1916;2254;1834;2254;TTC;AAA;undefined;OTHER;OTHER
invoice-2383.tiff;1;1;2480;3508;293389;1958;2206;150;43;1958;2206;2108;2206;2108;2249;1958;2249;325,54;NNNSNN;TA;TOTAL_AMOUNT;Total with TAX
invoice-2383.tiff;1;1;2480;3508;293390;2133;2206;75;43;2133;2206;2208;2206;2208;2249;2133;2249;EUR;AAA;TA;TOTAL_AMOUNT;Total with TAX
invoice-2383.tiff;1;1;2480;3508;293391;1187;3154;50;43;1187;3154;1237;3154;1237;3197;1187;3197;LA;AA;SN;SUPPLIER_NAME;Seller/Company) name
invoice-2383.tiff;1;1;2480;3508;293392;1262;3154;150;43;1262;3154;1412;3154;1412;3197;1262;3197;GRAND';AAAAAS;SN;SUPPLIER_NAME;Seller/Company) name
invoice-2383.tiff;1;1;2480;3508;293393;1437;3154;124;43;1437;3154;1561;3154;1561;3197;1437;3197;VOILE;AAAAA;SN;SUPPLIER_NAME;Seller/Company) name
invoice-2383.tiff;1;1;2480;3508;293394;1187;3197;150;43;1187;3197;1337;3197;1337;3240;1187;3240;AVENUE;AAAAAA;SA;SUPPLIER_ADDRESS;Seller Address
invoice-2383.tiff;1;1;2480;3508;293395;1362;3197;200;43;1362;3197;1562;3197;1562;3240;1362;3240;FREDERIC;AAAAAAAA;SA;SUPPLIER_ADDRESS;Seller Address
invoice-2383.tiff;1;1;2480;3508;293396;1587;3197;175;43;1587;3197;1762;3197;1762;3240;1587;3240;MISTRAL;AAAAAAA;SA;SUPPLIER_ADDRESS;Seller Address
invoice-2383.tiff;1;1;2480;3508;293397;1187;3241;124;43;1187;3241;1311;3241;1311;3284;1187;3284;83240;NNNNN;SA;SUPPLIER_ADDRESS;Seller Address
invoice-2383.tiff;1;1;2480;3508;293398;1354;3241;224;43;1354;3241;1578;3241;1578;3284;1354;3284;CAVALAIRE;AAAAAAAAA;SA;SUPPLIER_ADDRESS;Seller Address
invoice-2383.tiff;1;1;2480;3508;293399;1604;3241;75;43;1604;3241;1679;3241;1679;3284;1604;3284;SUR;AAA;SA;SUPPLIER_ADDRESS;Seller Address
invoice-2383.tiff;1;1;2480;3508;293400;1704;3241;75;43;1704;3241;1779;3241;1779;3284;1704;3284;MER;AAA;SA;SUPPLIER_ADDRESS;Seller Address
invoice-2383.tiff;1;1;2480;3508;293401;1187;3285;150;43;1187;3285;1337;3285;1337;3328;1187;3328;FRANCE;AAAAAA;SA;SUPPLIER_ADDRESS;Seller Address
