src;num_pages;page_id;page_width;page_height;id;col;row;width;height;x1;y1;x2;y2;x3;y3;x4;y4;contents;contents_masked;correctclass;tag;description
invoice-1682.tiff;1;1;2480;3508;206077;124;62;298;175;124;62;422;62;422;237;124;237;common/logo;AAAAAASAAAA;img;IMAGE;Image
invoice-1682.tiff;1;1;2480;3508;206102;1541;258;59;52;1541;258;1600;258;1600;310;1541;310;Du;AA;undefined;OTHER;OTHER
invoice-1682.tiff;1;1;2480;3508;206103;1664;258;54;48;1664;258;1718;258;1718;306;1664;306;17;NN;IDATE;INVOICE_DATE;Invoice Date
invoice-1682.tiff;1;1;2480;3508;206104;1746;258;82;48;1746;258;1828;258;1828;306;1746;306;nov;AAA;IDATE;INVOICE_DATE;Invoice Date
invoice-1682.tiff;1;1;2480;3508;206105;1856;258;109;48;1856;258;1965;258;1965;306;1856;306;1981;NNNN;IDATE;INVOICE_DATE;Invoice Date
invoice-1682.tiff;1;1;2480;3508;206078;124;412;175;43;124;412;299;412;299;455;124;455;FASHION;AAAAAAA;SN;SUPPLIER_NAME;Seller/Company) name
invoice-1682.tiff;1;1;2480;3508;206079;325;412;100;43;325;412;425;412;425;455;325;455;SWAG;AAAA;SN;SUPPLIER_NAME;Seller/Company) name
invoice-1682.tiff;1;1;2480;3508;206080;124;456;75;43;124;456;199;456;199;499;124;499;868;NNN;SA;SUPPLIER_ADDRESS;Seller Address
invoice-1682.tiff;1;1;2480;3508;206081;224;456;50;43;224;456;274;456;274;499;224;499;AV;AA;SA;SUPPLIER_ADDRESS;Seller Address
invoice-1682.tiff;1;1;2480;3508;206082;300;456;150;43;300;456;450;456;450;499;300;499;PIERRE;AAAAAA;SA;SUPPLIER_ADDRESS;Seller Address
invoice-1682.tiff;1;1;2480;3508;206083;474;456;275;43;474;456;749;456;749;499;474;499;BROSSOLETTE;AAAAAAAAAAA;SA;SUPPLIER_ADDRESS;Seller Address
invoice-1682.tiff;1;1;2480;3508;206084;124;500;124;43;124;500;248;500;248;543;124;543;83300;NNNNN;SA;SUPPLIER_ADDRESS;Seller Address
invoice-1682.tiff;1;1;2480;3508;206085;291;500;249;43;291;500;540;500;540;543;291;543;DRAGUIGNAN;AAAAAAAAAA;SA;SUPPLIER_ADDRESS;Seller Address
invoice-1682.tiff;1;1;2480;3508;206086;124;544;224;43;124;544;348;544;348;587;124;587;Téléphone;AAAAAAAAA;undefined;OTHER;OTHER
invoice-1682.tiff;1;1;2480;3508;206087;412;544;75;43;412;544;487;544;487;587;412;587;+33;SNN;SCN;SUPPLIER_CONTACT_NUMBER;Seller Contact Number
invoice-1682.tiff;1;1;2480;3508;206088;512;544;75;43;512;544;587;544;587;587;512;587;(0);SNS;SCN;SUPPLIER_CONTACT_NUMBER;Seller Contact Number
invoice-1682.tiff;1;1;2480;3508;206089;612;544;25;43;612;544;637;544;637;587;612;587;6;N;SCN;SUPPLIER_CONTACT_NUMBER;Seller Contact Number
invoice-1682.tiff;1;1;2480;3508;206090;662;544;50;43;662;544;712;544;712;587;662;587;17;NN;SCN;SUPPLIER_CONTACT_NUMBER;Seller Contact Number
invoice-1682.tiff;1;1;2480;3508;206091;737;544;50;43;737;544;787;544;787;587;737;587;17;NN;SCN;SUPPLIER_CONTACT_NUMBER;Seller Contact Number
invoice-1682.tiff;1;1;2480;3508;206092;812;544;50;43;812;544;862;544;862;587;812;587;46;NN;SCN;SUPPLIER_CONTACT_NUMBER;Seller Contact Number
invoice-1682.tiff;1;1;2480;3508;206093;887;544;50;43;887;544;937;544;937;587;887;587;63;NN;SCN;SUPPLIER_CONTACT_NUMBER;Seller Contact Number
invoice-1682.tiff;1;1;2480;3508;206094;124;588;224;43;124;588;348;588;348;631;124;631;Télécopie;AAAAAAAAA;undefined;OTHER;OTHER
invoice-1682.tiff;1;1;2480;3508;206095;412;588;75;43;412;588;487;588;487;631;412;631;+33;SNN;SFAX;SUPPLIER_FAX_NUMBER;Seller Fax Number
invoice-1682.tiff;1;1;2480;3508;206096;512;588;75;43;512;588;587;588;587;631;512;631;(0);SNS;SFAX;SUPPLIER_FAX_NUMBER;Seller Fax Number
invoice-1682.tiff;1;1;2480;3508;206097;612;588;25;43;612;588;637;588;637;631;612;631;6;N;SFAX;SUPPLIER_FAX_NUMBER;Seller Fax Number
invoice-1682.tiff;1;1;2480;3508;206098;662;588;50;43;662;588;712;588;712;631;662;631;17;NN;SFAX;SUPPLIER_FAX_NUMBER;Seller Fax Number
invoice-1682.tiff;1;1;2480;3508;206099;737;588;50;43;737;588;787;588;787;631;737;631;17;NN;SFAX;SUPPLIER_FAX_NUMBER;Seller Fax Number
invoice-1682.tiff;1;1;2480;3508;206100;812;588;50;43;812;588;862;588;862;631;812;631;48;NN;SFAX;SUPPLIER_FAX_NUMBER;Seller Fax Number
invoice-1682.tiff;1;1;2480;3508;206101;887;588;50;43;887;588;937;588;937;631;887;631;19;NN;SFAX;SUPPLIER_FAX_NUMBER;Seller Fax Number
invoice-1682.tiff;1;1;2480;3508;206106;124;808;210;52;124;808;334;808;334;860;124;860;Adresse;AAAAAAA;undefined;OTHER;OTHER
invoice-1682.tiff;1;1;2480;3508;206107;365;808;59;52;365;808;424;808;424;860;365;860;de;AA;undefined;OTHER;OTHER
invoice-1682.tiff;1;1;2480;3508;206108;454;808;329;52;454;808;783;808;783;860;454;860;Facturation;AAAAAAAAAAA;undefined;OTHER;OTHER
invoice-1682.tiff;1;1;2480;3508;206120;1541;853;192;48;1541;853;1733;853;1733;901;1541;901;Facture;AAAAAAA;undefined;OTHER;OTHER
invoice-1682.tiff;1;1;2480;3508;206121;1761;853;54;48;1761;853;1815;853;1815;901;1761;901;n°;AS;undefined;OTHER;OTHER
invoice-1682.tiff;1;1;2480;3508;206122;2166;853;200;43;2166;853;2366;853;2366;896;2166;896;INV-9627;AAASNNNN;IN;INVOICE_NUMBER;Invoice Number
invoice-1682.tiff;1;1;2480;3508;206109;124;861;100;43;124;861;224;861;224;904;124;904;Mlle;AAAA;BN;BILLING_NAME;Billing Name
invoice-1682.tiff;1;1;2480;3508;206110;249;861;124;43;249;861;373;861;373;904;249;904;Chloé;AAAAA;BN;BILLING_NAME;Billing Name
invoice-1682.tiff;1;1;2480;3508;206111;400;861;124;43;400;861;524;861;524;904;400;904;Denis;AAAAA;BN;BILLING_NAME;Billing Name
invoice-1682.tiff;1;1;2480;3508;206112;124;905;50;43;124;905;174;905;174;948;124;948;2,;NS;BA;BILLING_ADDRESS;Billing Address
invoice-1682.tiff;1;1;2480;3508;206113;200;905;75;43;200;905;275;905;275;948;200;948;rue;AAA;BA;BILLING_ADDRESS;Billing Address
invoice-1682.tiff;1;1;2480;3508;206114;300;905;75;43;300;905;375;905;375;948;300;948;des;AAA;BA;BILLING_ADDRESS;Billing Address
invoice-1682.tiff;1;1;2480;3508;206115;400;905;150;43;400;905;550;905;550;948;400;948;basses;AAAAAA;BA;BILLING_ADDRESS;Billing Address
invoice-1682.tiff;1;1;2480;3508;206116;575;905;325;43;575;905;900;905;900;948;575;948;chauffeterres;AAAAAAAAAAAAA;BA;BILLING_ADDRESS;Billing Address
invoice-1682.tiff;1;1;2480;3508;206123;1541;922;109;48;1541;922;1650;922;1650;970;1541;970;Type;AAAA;undefined;OTHER;OTHER
invoice-1682.tiff;1;1;2480;3508;206124;1679;922;54;48;1679;922;1733;922;1733;970;1679;970;de;AA;undefined;OTHER;OTHER
invoice-1682.tiff;1;1;2480;3508;206125;1761;922;219;48;1761;922;1980;922;1980;970;1761;970;paiement;AAAAAAAA;undefined;OTHER;OTHER
invoice-1682.tiff;1;1;2480;3508;206126;2166;922;150;43;2166;922;2316;922;2316;965;2166;965;Chèque;AAAAAA;PMODE;PAYMENT_MODE;Payment Mode
invoice-1682.tiff;1;1;2480;3508;206117;124;949;124;43;124;949;248;949;248;992;124;992;14190;NNNNN;BA;BILLING_ADDRESS;Billing Address
invoice-1682.tiff;1;1;2480;3508;206118;291;949;575;43;291;949;866;949;866;992;291;992;Saint-Germain-le-Vasson;AAAAASAAAAAAASAASAAAAAA;BA;BILLING_ADDRESS;Billing Address
invoice-1682.tiff;1;1;2480;3508;206119;124;992;150;43;124;992;274;992;274;1035;124;1035;France;AAAAAA;BA;BILLING_ADDRESS;Billing Address
invoice-1682.tiff;1;1;2480;3508;206129;1361;1464;109;48;1361;1464;1470;1464;1470;1512;1361;1512;Prix;AAAA;undefined;OTHER;OTHER
invoice-1682.tiff;1;1;2480;3508;206127;139;1512;219;48;139;1512;358;1512;358;1560;139;1560;Quantité;AAAAAAAA;undefined;OTHER;OTHER
invoice-1682.tiff;1;1;2480;3508;206128;661;1512;302;48;661;1512;963;1512;963;1560;661;1560;Description;AAAAAAAAAAA;undefined;OTHER;OTHER
invoice-1682.tiff;1;1;2480;3508;206130;1306;1512;219;48;1306;1512;1525;1512;1525;1560;1306;1560;Unitaire;AAAAAAAA;undefined;OTHER;OTHER
invoice-1682.tiff;1;1;2480;3508;206131;1598;1512;109;48;1598;1512;1707;1512;1707;1560;1598;1560;Taux;AAAA;undefined;OTHER;OTHER
invoice-1682.tiff;1;1;2480;3508;206132;1736;1512;54;48;1736;1512;1790;1512;1790;1560;1736;1560;de;AA;undefined;OTHER;OTHER
invoice-1682.tiff;1;1;2480;3508;206133;1818;1512;82;48;1818;1512;1900;1512;1900;1560;1818;1560;TVA;AAA;undefined;OTHER;OTHER
invoice-1682.tiff;1;1;2480;3508;206134;1945;1512;192;48;1945;1512;2137;1512;2137;1560;1945;1560;Montant;AAAAAAA;undefined;OTHER;OTHER
invoice-1682.tiff;1;1;2480;3508;206135;2165;1512;54;48;2165;1512;2219;1512;2219;1560;2165;1560;HT;AA;undefined;OTHER;OTHER
invoice-1682.tiff;1;1;2480;3508;206136;237;1581;25;43;237;1581;262;1581;262;1624;237;1624;1;N;undefined;OTHER;OTHER
invoice-1682.tiff;1;1;2480;3508;206137;375;1581;249;43;375;1581;624;1581;624;1624;375;1624;Ordinateur;AAAAAAAAAA;undefined;OTHER;OTHER
invoice-1682.tiff;1;1;2480;3508;206138;650;1581;124;43;650;1581;774;1581;774;1624;650;1624;Apple;AAAAA;undefined;OTHER;OTHER
invoice-1682.tiff;1;1;2480;3508;206139;800;1581;175;43;800;1581;975;1581;975;1624;800;1624;Macbook;AAAAAAA;undefined;OTHER;OTHER
invoice-1682.tiff;1;1;2480;3508;206140;999;1581;75;43;999;1581;1074;1581;1074;1624;999;1624;Pro;AAA;undefined;OTHER;OTHER
invoice-1682.tiff;1;1;2480;3508;206141;1100;1581;100;43;1100;1581;1200;1581;1200;1624;1100;1624;15.4;NNSN;undefined;OTHER;OTHER
invoice-1682.tiff;1;1;2480;3508;206145;1291;1581;150;43;1291;1581;1441;1581;1441;1624;1291;1624;999,17;NNNSNN;undefined;OTHER;OTHER
invoice-1682.tiff;1;1;2480;3508;206146;1466;1581;75;43;1466;1581;1541;1581;1541;1624;1466;1624;USD;AAA;undefined;OTHER;OTHER
invoice-1682.tiff;1;1;2480;3508;206147;1687;1581;124;43;1687;1581;1811;1581;1811;1624;1687;1624;20.0%;NNSNS;undefined;OTHER;OTHER
invoice-1682.tiff;1;1;2480;3508;206148;1958;1581;150;43;1958;1581;2108;1581;2108;1624;1958;1624;999,17;NNNSNN;undefined;OTHER;OTHER
invoice-1682.tiff;1;1;2480;3508;206149;2133;1581;75;43;2133;1581;2208;1581;2208;1624;2133;1624;USD;AAA;undefined;OTHER;OTHER
invoice-1682.tiff;1;1;2480;3508;206142;375;1625;150;43;375;1625;525;1625;525;1668;375;1668;2.4ghz;NSNAAA;undefined;OTHER;OTHER
invoice-1682.tiff;1;1;2480;3508;206143;550;1625;75;43;550;1625;625;1625;625;1668;550;1668;4go;NAA;undefined;OTHER;OTHER
invoice-1682.tiff;1;1;2480;3508;206144;650;1625;50;43;650;1625;700;1625;700;1668;650;1668;75;NN;undefined;OTHER;OTHER
invoice-1682.tiff;1;1;2480;3508;206150;237;1710;25;43;237;1710;262;1710;262;1753;237;1753;2;N;undefined;OTHER;OTHER
invoice-1682.tiff;1;1;2480;3508;206151;375;1710;124;43;375;1710;499;1710;499;1753;375;1753;Table;AAAAA;undefined;OTHER;OTHER
invoice-1682.tiff;1;1;2480;3508;206152;525;1710;25;43;525;1710;550;1710;550;1753;525;1753;à;A;undefined;OTHER;OTHER
invoice-1682.tiff;1;1;2480;3508;206153;575;1710;200;43;575;1710;775;1710;775;1753;575;1753;repasser;AAAAAAAA;undefined;OTHER;OTHER
invoice-1682.tiff;1;1;2480;3508;206154;800;1710;200;43;800;1710;1000;1710;1000;1753;800;1753;Leifheit;AAAAAAAA;undefined;OTHER;OTHER
invoice-1682.tiff;1;1;2480;3508;206155;1025;1710;100;43;1025;1710;1125;1710;1125;1753;1025;1753;mini;AAAA;undefined;OTHER;OTHER
invoice-1682.tiff;1;1;2480;3508;206162;1304;1710;124;43;1304;1710;1428;1710;1428;1753;1304;1753;29,55;NNSNN;undefined;OTHER;OTHER
invoice-1682.tiff;1;1;2480;3508;206163;1454;1710;75;43;1454;1710;1529;1710;1529;1753;1454;1753;USD;AAA;undefined;OTHER;OTHER
invoice-1682.tiff;1;1;2480;3508;206164;1687;1710;124;43;1687;1710;1811;1710;1811;1753;1687;1753;20.0%;NNSNS;undefined;OTHER;OTHER
invoice-1682.tiff;1;1;2480;3508;206165;1970;1710;124;43;1970;1710;2094;1710;2094;1753;1970;1753;59,10;NNSNN;undefined;OTHER;OTHER
invoice-1682.tiff;1;1;2480;3508;206166;2120;1710;75;43;2120;1710;2195;1710;2195;1753;2120;1753;USD;AAA;undefined;OTHER;OTHER
invoice-1682.tiff;1;1;2480;3508;206156;375;1754;124;43;375;1754;499;1754;499;1797;375;1797;table;AAAAA;undefined;OTHER;OTHER
invoice-1682.tiff;1;1;2480;3508;206157;525;1754;25;43;525;1754;550;1754;550;1797;525;1797;à;A;undefined;OTHER;OTHER
invoice-1682.tiff;1;1;2480;3508;206158;575;1754;200;43;575;1754;775;1754;775;1797;575;1797;repasser;AAAAAAAA;undefined;OTHER;OTHER
invoice-1682.tiff;1;1;2480;3508;206159;800;1754;175;43;800;1754;975;1754;975;1797;800;1797;73x30cm;NNANNAA;undefined;OTHER;OTHER
invoice-1682.tiff;1;1;2480;3508;206160;999;1754;25;43;999;1754;1024;1754;1024;1797;999;1797;-;S;undefined;OTHER;OTHER
invoice-1682.tiff;1;1;2480;3508;206161;1050;1754;124;43;1050;1754;1174;1754;1174;1797;1050;1797;72583;NNNNN;undefined;OTHER;OTHER
invoice-1682.tiff;1;1;2480;3508;206167;1382;1881;137;48;1382;1881;1519;1881;1519;1929;1382;1929;TOTAL;AAAAA;undefined;OTHER;OTHER
invoice-1682.tiff;1;1;2480;3508;206168;1547;1881;164;48;1547;1881;1711;1881;1711;1929;1547;1929;REMISE;AAAAAA;undefined;OTHER;OTHER
invoice-1682.tiff;1;1;2480;3508;206169;1739;1881;247;48;1739;1881;1986;1881;1986;1929;1739;1929;IMMEDIATE;AAAAAAAAA;undefined;OTHER;OTHER
invoice-1682.tiff;1;1;2480;3508;206170;2008;1881;100;43;2008;1881;2108;1881;2108;1924;2008;1924;0,00;NSNN;undefined;OTHER;OTHER
invoice-1682.tiff;1;1;2480;3508;206171;2133;1881;75;43;2133;1881;2208;1881;2208;1924;2133;1924;USD;AAA;undefined;OTHER;OTHER
invoice-1682.tiff;1;1;2480;3508;206172;1616;1930;192;48;1616;1930;1808;1930;1808;1978;1616;1978;Montant;AAAAAAA;undefined;OTHER;OTHER
invoice-1682.tiff;1;1;2480;3508;206173;1836;1930;54;48;1836;1930;1890;1930;1890;1978;1836;1978;HT;AA;undefined;OTHER;OTHER
invoice-1682.tiff;1;1;2480;3508;206174;1933;1930;175;43;1933;1930;2108;1930;2108;1973;1933;1973;1058,27;NNNNSNN;TWTX;TOTAL_WITHOUT_TAX;TWTXS
invoice-1682.tiff;1;1;2480;3508;206175;2133;1930;75;43;2133;1930;2208;1930;2208;1973;2133;1973;USD;AAA;TWTX;TOTAL_WITHOUT_TAX;TWTXS
invoice-1682.tiff;1;1;2480;3508;206176;1834;1978;82;48;1834;1978;1916;1978;1916;2026;1834;2026;TVA;AAA;undefined;OTHER;OTHER
invoice-1682.tiff;1;1;2480;3508;206177;1958;1978;150;43;1958;1978;2108;1978;2108;2021;1958;2021;211,65;NNNSNN;TTX;TOTAL_TAX;Total Tax
invoice-1682.tiff;1;1;2480;3508;206178;2133;1978;75;43;2133;1978;2208;1978;2208;2021;2133;2021;USD;AAA;TTX;TOTAL_TAX;Total Tax
invoice-1682.tiff;1;1;2480;3508;206179;1644;2026;137;48;1644;2026;1781;2026;1781;2074;1644;2074;Total;AAAAA;undefined;OTHER;OTHER
invoice-1682.tiff;1;1;2480;3508;206180;1809;2026;82;48;1809;2026;1891;2026;1891;2074;1809;2074;TTC;AAA;undefined;OTHER;OTHER
invoice-1682.tiff;1;1;2480;3508;206181;1933;2026;175;43;1933;2026;2108;2026;2108;2069;1933;2069;1269,92;NNNNSNN;TA;TOTAL_AMOUNT;Total with TAX
invoice-1682.tiff;1;1;2480;3508;206182;2133;2026;75;43;2133;2026;2208;2026;2208;2069;2133;2069;USD;AAA;TA;TOTAL_AMOUNT;Total with TAX
invoice-1682.tiff;1;1;2480;3508;206183;1949;3175;175;43;1949;3175;2124;3175;2124;3218;1949;3218;FASHION;AAAAAAA;SN;SUPPLIER_NAME;Seller/Company) name
invoice-1682.tiff;1;1;2480;3508;206184;2150;3175;100;43;2150;3175;2250;3175;2250;3218;2150;3218;SWAG;AAAA;SN;SUPPLIER_NAME;Seller/Company) name
invoice-1682.tiff;1;1;2480;3508;206185;1225;3218;75;43;1225;3218;1300;3218;1300;3261;1225;3261;868;NNN;SA;SUPPLIER_ADDRESS;Seller Address
invoice-1682.tiff;1;1;2480;3508;206186;1325;3218;50;43;1325;3218;1375;3218;1375;3261;1325;3261;AV;AA;SA;SUPPLIER_ADDRESS;Seller Address
invoice-1682.tiff;1;1;2480;3508;206187;1400;3218;150;43;1400;3218;1550;3218;1550;3261;1400;3261;PIERRE;AAAAAA;SA;SUPPLIER_ADDRESS;Seller Address
invoice-1682.tiff;1;1;2480;3508;206188;1575;3218;275;43;1575;3218;1850;3218;1850;3261;1575;3261;BROSSOLETTE;AAAAAAAAAAA;SA;SUPPLIER_ADDRESS;Seller Address
invoice-1682.tiff;1;1;2480;3508;206189;1858;3218;124;43;1858;3218;1982;3218;1982;3261;1858;3261;83300;NNNNN;SA;SUPPLIER_ADDRESS;Seller Address
invoice-1682.tiff;1;1;2480;3508;206190;1991;3218;249;43;1991;3218;2240;3218;2240;3261;1991;3261;DRAGUIGNAN;AAAAAAAAAA;SA;SUPPLIER_ADDRESS;Seller Address
