src;num_pages;page_id;page_width;page_height;id;col;row;width;height;x1;y1;x2;y2;x3;y3;x4;y4;contents;contents_masked;correctclass;tag;description
invoice-2137.tiff;1;1;2480;3508;262825;1624;62;625;175;1624;62;2249;62;2249;237;1624;237;common/logo;AAAAAASAAAA;img;IMAGE;Image
invoice-2137.tiff;1;1;2480;3508;262783;124;237;173;48;124;237;297;237;297;285;124;285;CENTRE;AAAAAA;SN;SUPPLIER_NAME;Seller/Company) name
invoice-2137.tiff;1;1;2480;3508;262784;309;237;192;48;309;237;501;237;501;285;309;285;ACCUEIL;AAAAAAA;SN;SUPPLIER_NAME;Seller/Company) name
invoice-2137.tiff;1;1;2480;3508;262785;511;237;57;48;511;237;568;237;568;285;511;285;DE;AA;SN;SUPPLIER_NAME;Seller/Company) name
invoice-2137.tiff;1;1;2480;3508;262786;579;237;113;48;579;237;692;237;692;285;579;285;JOUR;AAAA;SN;SUPPLIER_NAME;Seller/Company) name
invoice-2137.tiff;1;1;2480;3508;262787;124;285;20;45;124;285;144;285;144;330;124;330;8;N;SA;SUPPLIER_ADDRESS;Seller Address
invoice-2137.tiff;1;1;2480;3508;262788;156;285;81;45;156;285;237;285;237;330;156;330;RUE;AAA;SA;SUPPLIER_ADDRESS;Seller Address
invoice-2137.tiff;1;1;2480;3508;262789;247;285;196;45;247;285;443;285;443;330;247;330;FRANCOIS;AAAAAAAA;SA;SUPPLIER_ADDRESS;Seller Address
invoice-2137.tiff;1;1;2480;3508;262790;454;285;159;45;454;285;613;285;613;330;454;330;BARDOT;AAAAAA;SA;SUPPLIER_ADDRESS;Seller Address
invoice-2137.tiff;1;1;2480;3508;262791;622;285;13;45;622;285;635;285;635;330;622;330;-;S;SA;SUPPLIER_ADDRESS;Seller Address
invoice-2137.tiff;1;1;2480;3508;262792;647;285;104;45;647;285;751;285;751;330;647;330;90000;NNNNN;SA;SUPPLIER_ADDRESS;Seller Address
invoice-2137.tiff;1;1;2480;3508;262793;770;285;178;45;770;285;948;285;948;330;770;330;BELFORT;AAAAAAA;SA;SUPPLIER_ADDRESS;Seller Address
invoice-2137.tiff;1;1;2480;3508;262794;956;285;13;45;956;285;969;285;969;330;956;330;-;S;SA;SUPPLIER_ADDRESS;Seller Address
invoice-2137.tiff;1;1;2480;3508;262795;980;285;157;45;980;285;1137;285;1137;330;980;330;FRANCE;AAAAAA;SA;SUPPLIER_ADDRESS;Seller Address
invoice-2137.tiff;1;1;2480;3508;262796;124;331;74;45;124;331;198;331;198;376;124;376;RCS;AAA;undefined;OTHER;OTHER
invoice-2137.tiff;1;1;2480;3508;262797;226;331;178;45;226;331;404;331;404;376;226;376;BELFORT;AAAAAAA;SA;SUPPLIER_ADDRESS;Seller Address
invoice-2137.tiff;1;1;2480;3508;262798;421;331;62;45;421;331;483;331;483;376;421;376;852;NNN;SCID;SUPPLIER_ID;Seller Identifier Number (Siren)
invoice-2137.tiff;1;1;2480;3508;262799;493;331;62;45;493;331;555;331;555;376;493;376;959;NNN;SCID;SUPPLIER_ID;Seller Identifier Number (Siren)
invoice-2137.tiff;1;1;2480;3508;262800;566;331;62;45;566;331;628;331;628;376;566;376;371;NNN;SCID;SUPPLIER_ID;Seller Identifier Number (Siren)
invoice-2137.tiff;1;1;2480;3508;262801;646;331;48;45;646;331;694;331;694;376;646;376;No;AA;undefined;OTHER;OTHER
invoice-2137.tiff;1;1;2480;3508;262802;705;331;106;45;705;331;811;331;811;376;705;376;identif;AAAAAAA;undefined;OTHER;OTHER
invoice-2137.tiff;1;1;2480;3508;262803;822;331;182;45;822;331;1004;331;1004;376;822;376;Intracomm;AAAAAAAAA;undefined;OTHER;OTHER
invoice-2137.tiff;1;1;2480;3508;262804;1021;331;50;45;1021;331;1071;331;1071;376;1021;376;FR;AA;SVAT;SUPPLIER_VAT;Seller Vat Number/TVA
invoice-2137.tiff;1;1;2480;3508;262805;1082;331;41;45;1082;331;1123;331;1123;376;1082;376;83;NN;SVAT;SUPPLIER_VAT;Seller Vat Number/TVA
invoice-2137.tiff;1;1;2480;3508;262806;1134;331;62;45;1134;331;1196;331;1196;376;1134;376;852;NNN;SVAT;SUPPLIER_VAT;Seller Vat Number/TVA
invoice-2137.tiff;1;1;2480;3508;262807;1207;331;62;45;1207;331;1269;331;1269;376;1207;376;959;NNN;SVAT;SUPPLIER_VAT;Seller Vat Number/TVA
invoice-2137.tiff;1;1;2480;3508;262808;1280;331;62;45;1280;331;1342;331;1342;376;1280;376;371;NNN;SVAT;SUPPLIER_VAT;Seller Vat Number/TVA
invoice-2137.tiff;1;1;2480;3508;262809;124;377;134;45;124;377;258;377;258;422;124;422;Numéro;AAAAAA;undefined;OTHER;OTHER
invoice-2137.tiff;1;1;2480;3508;262810;269;377;39;45;269;377;308;377;308;422;269;422;de;AA;undefined;OTHER;OTHER
invoice-2137.tiff;1;1;2480;3508;262811;319;377;53;45;319;377;372;377;372;422;319;422;Tel;AAA;undefined;OTHER;OTHER
invoice-2137.tiff;1;1;2480;3508;262812;397;377;69;45;397;377;466;377;466;422;397;422;+33;SNN;SCN;SUPPLIER_CONTACT_NUMBER;Seller Contact Number
invoice-2137.tiff;1;1;2480;3508;262813;477;377;20;45;477;377;497;377;497;422;477;422;0;N;SCN;SUPPLIER_CONTACT_NUMBER;Seller Contact Number
invoice-2137.tiff;1;1;2480;3508;262814;509;377;62;45;509;377;571;377;571;422;509;422;531;NNN;SCN;SUPPLIER_CONTACT_NUMBER;Seller Contact Number
invoice-2137.tiff;1;1;2480;3508;262815;582;377;62;45;582;377;644;377;644;422;582;422;146;NNN;SCN;SUPPLIER_CONTACT_NUMBER;Seller Contact Number
invoice-2137.tiff;1;1;2480;3508;262816;654;377;62;45;654;377;716;377;716;422;654;422;180;NNN;SCN;SUPPLIER_CONTACT_NUMBER;Seller Contact Number
invoice-2137.tiff;1;1;2480;3508;262817;759;377;134;45;759;377;893;377;893;422;759;422;Numéro;AAAAAA;undefined;OTHER;OTHER
invoice-2137.tiff;1;1;2480;3508;262818;903;377;39;45;903;377;942;377;942;422;903;422;de;AA;undefined;OTHER;OTHER
invoice-2137.tiff;1;1;2480;3508;262819;953;377;64;45;953;377;1017;377;1017;422;953;422;Fax;AAA;undefined;OTHER;OTHER
invoice-2137.tiff;1;1;2480;3508;262820;1043;377;69;45;1043;377;1112;377;1112;422;1043;422;+33;SNN;SFAX;SUPPLIER_FAX_NUMBER;Seller Fax Number
invoice-2137.tiff;1;1;2480;3508;262821;1123;377;20;45;1123;377;1143;377;1143;422;1123;422;0;N;SFAX;SUPPLIER_FAX_NUMBER;Seller Fax Number
invoice-2137.tiff;1;1;2480;3508;262822;1154;377;62;45;1154;377;1216;377;1216;422;1154;422;531;NNN;SFAX;SUPPLIER_FAX_NUMBER;Seller Fax Number
invoice-2137.tiff;1;1;2480;3508;262823;1227;377;62;45;1227;377;1289;377;1289;422;1227;422;146;NNN;SFAX;SUPPLIER_FAX_NUMBER;Seller Fax Number
invoice-2137.tiff;1;1;2480;3508;262824;1300;377;62;45;1300;377;1362;377;1362;422;1300;422;535;NNN;SFAX;SUPPLIER_FAX_NUMBER;Seller Fax Number
invoice-2137.tiff;1;1;2480;3508;262826;124;607;205;57;124;607;329;607;329;664;124;664;Livraison;AAAAAAAAA;undefined;OTHER;OTHER
invoice-2137.tiff;1;1;2480;3508;262827;343;607;25;57;343;607;368;607;368;664;343;664;à;A;undefined;OTHER;OTHER
invoice-2137.tiff;1;1;2480;3508;262837;1541;607;261;57;1541;607;1802;607;1802;664;1541;664;Destinataire;AAAAAAAAAAAA;undefined;OTHER;OTHER
invoice-2137.tiff;1;1;2480;3508;262828;124;664;85;48;124;664;209;664;209;712;124;712;Pons;AAAA;SHN;SHIPPING_NAME;Shipping Name
invoice-2137.tiff;1;1;2480;3508;262829;221;664;120;48;221;664;341;664;341;712;221;712;Kylian;AAAAAA;SHN;SHIPPING_NAME;Shipping Name
invoice-2137.tiff;1;1;2480;3508;262838;1541;664;85;48;1541;664;1626;664;1626;712;1541;712;Pons;AAAA;BN;BILLING_NAME;Billing Name
invoice-2137.tiff;1;1;2480;3508;262839;1637;664;120;48;1637;664;1757;664;1757;712;1637;712;Kylian;AAAAAA;BN;BILLING_NAME;Billing Name
invoice-2137.tiff;1;1;2480;3508;262830;124;712;72;45;124;712;196;712;196;757;124;757;305,;NNNS;SHA;SHIPPING_ADDRESS;Shipping Address
invoice-2137.tiff;1;1;2480;3508;262831;208;712;55;45;208;712;263;712;263;757;208;757;rue;AAA;SHA;SHIPPING_ADDRESS;Shipping Address
invoice-2137.tiff;1;1;2480;3508;262832;274;712;55;45;274;712;329;712;329;757;274;757;des;AAA;SHA;SHIPPING_ADDRESS;Shipping Address
invoice-2137.tiff;1;1;2480;3508;262833;340;712;171;45;340;712;511;712;511;757;340;757;montaines;AAAAAAAAA;SHA;SHIPPING_ADDRESS;Shipping Address
invoice-2137.tiff;1;1;2480;3508;262840;1541;712;72;45;1541;712;1613;712;1613;757;1541;757;305,;NNNS;BA;BILLING_ADDRESS;Billing Address
invoice-2137.tiff;1;1;2480;3508;262841;1624;712;55;45;1624;712;1679;712;1679;757;1624;757;rue;AAA;BA;BILLING_ADDRESS;Billing Address
invoice-2137.tiff;1;1;2480;3508;262842;1690;712;55;45;1690;712;1745;712;1745;757;1690;757;des;AAA;BA;BILLING_ADDRESS;Billing Address
invoice-2137.tiff;1;1;2480;3508;262843;1756;712;171;45;1756;712;1927;712;1927;757;1756;757;montaines;AAAAAAAAA;BA;BILLING_ADDRESS;Billing Address
invoice-2137.tiff;1;1;2480;3508;262834;124;758;104;45;124;758;228;758;228;803;124;803;01100;NNNNN;SHA;SHIPPING_ADDRESS;Shipping Address
invoice-2137.tiff;1;1;2480;3508;262835;270;758;155;45;270;758;425;758;425;803;270;803;Groissiat;AAAAAAAAA;SHA;SHIPPING_ADDRESS;Shipping Address
invoice-2137.tiff;1;1;2480;3508;262844;1541;758;104;45;1541;758;1645;758;1645;803;1541;803;01100;NNNNN;BA;BILLING_ADDRESS;Billing Address
invoice-2137.tiff;1;1;2480;3508;262845;1687;758;155;45;1687;758;1842;758;1842;803;1687;803;Groissiat;AAAAAAAAA;BA;BILLING_ADDRESS;Billing Address
invoice-2137.tiff;1;1;2480;3508;262836;124;804;120;45;124;804;244;804;244;849;124;849;France;AAAAAA;SHA;SHIPPING_ADDRESS;Shipping Address
invoice-2137.tiff;1;1;2480;3508;262846;1541;804;120;45;1541;804;1661;804;1661;849;1541;849;France;AAAAAA;BA;BILLING_ADDRESS;Billing Address
invoice-2137.tiff;1;1;2480;3508;262847;124;1121;152;52;124;1121;276;1121;276;1173;124;1173;Facture;AAAAAAA;undefined;OTHER;OTHER
invoice-2137.tiff;1;1;2480;3508;262848;289;1121;43;52;289;1121;332;1121;332;1173;289;1173;n°;AS;undefined;OTHER;OTHER
invoice-2137.tiff;1;1;2480;3508;262849;750;1121;171;46;750;1121;921;1121;921;1167;750;1167;INV-8944;AAASNNNN;IN;INVOICE_NUMBER;Invoice Number
invoice-2137.tiff;1;1;2480;3508;262850;124;1194;58;52;124;1194;182;1194;182;1246;124;1246;Du;AA;undefined;OTHER;OTHER
invoice-2137.tiff;1;1;2480;3508;262851;750;1194;148;46;750;1194;898;1194;898;1240;750;1240;13/07/91;NNSNNSNN;IDATE;INVOICE_DATE;Invoice Date
invoice-2137.tiff;1;1;2480;3508;262852;124;1268;119;52;124;1268;243;1268;243;1320;124;1320;Client;AAAAAA;undefined;OTHER;OTHER
invoice-2137.tiff;1;1;2480;3508;262853;256;1268;43;52;256;1268;299;1268;299;1320;256;1320;n°;AS;undefined;OTHER;OTHER
invoice-2137.tiff;1;1;2480;3508;262854;750;1268;150;46;750;1268;900;1268;900;1314;750;1314;CL-0159;AASNNNN;CNUM;CLIENT_NUMBER;Client Number
invoice-2137.tiff;1;1;2480;3508;262855;124;1342;226;52;124;1342;350;1342;350;1394;124;1394;Commande;AAAAAAAA;undefined;OTHER;OTHER
invoice-2137.tiff;1;1;2480;3508;262856;363;1342;43;52;363;1342;406;1342;406;1394;363;1394;n°;AS;undefined;OTHER;OTHER
invoice-2137.tiff;1;1;2480;3508;262857;750;1342;171;46;750;1342;921;1342;921;1388;750;1388;COM-475;AAASNNN;ONUM;ORDER_NUMBER;Order Number
invoice-2137.tiff;1;1;2480;3508;262858;124;1415;134;52;124;1415;258;1415;258;1467;124;1467;Moyen;AAAAA;undefined;OTHER;OTHER
invoice-2137.tiff;1;1;2480;3508;262859;271;1415;45;52;271;1415;316;1415;316;1467;271;1467;de;AA;undefined;OTHER;OTHER
invoice-2137.tiff;1;1;2480;3508;262860;328;1415;180;52;328;1415;508;1415;508;1467;328;1467;paiement;AAAAAAAA;undefined;OTHER;OTHER
invoice-2137.tiff;1;1;2480;3508;262861;750;1415;157;46;750;1415;907;1415;907;1461;750;1461;Virement;AAAAAAAA;PMODE;PAYMENT_MODE;Payment Mode
invoice-2137.tiff;1;1;2480;3508;262862;163;1847;173;52;163;1847;336;1847;336;1899;163;1899;Quantité;AAAAAAAA;undefined;OTHER;OTHER
invoice-2137.tiff;1;1;2480;3508;262863;699;1847;226;52;699;1847;925;1847;925;1899;699;1899;Description;AAAAAAAAAAA;undefined;OTHER;OTHER
invoice-2137.tiff;1;1;2480;3508;262864;1287;1847;84;52;1287;1847;1371;1847;1371;1899;1287;1899;Prix;AAAA;undefined;OTHER;OTHER
invoice-2137.tiff;1;1;2480;3508;262865;1382;1847;162;52;1382;1847;1544;1847;1544;1899;1382;1899;Unitaire;AAAAAAAA;undefined;OTHER;OTHER
invoice-2137.tiff;1;1;2480;3508;262866;1616;1847;101;52;1616;1847;1717;1847;1717;1899;1616;1899;Taux;AAAA;undefined;OTHER;OTHER
invoice-2137.tiff;1;1;2480;3508;262867;1729;1847;45;52;1729;1847;1774;1847;1774;1899;1729;1899;de;AA;undefined;OTHER;OTHER
invoice-2137.tiff;1;1;2480;3508;262868;1786;1847;96;52;1786;1847;1882;1847;1882;1899;1786;1899;TVA;AAA;undefined;OTHER;OTHER
invoice-2137.tiff;1;1;2480;3508;262869;1959;1847;170;52;1959;1847;2129;1847;2129;1899;1959;1899;Montant;AAAAAAA;undefined;OTHER;OTHER
invoice-2137.tiff;1;1;2480;3508;262870;2141;1847;66;52;2141;1847;2207;1847;2207;1899;2141;1899;HT;AA;undefined;OTHER;OTHER
invoice-2137.tiff;1;1;2480;3508;262871;239;1920;20;48;239;1920;259;1920;259;1968;239;1968;2;N;undefined;OTHER;OTHER
invoice-2137.tiff;1;1;2480;3508;262872;375;1920;92;48;375;1920;467;1920;467;1968;375;1968;Siège;AAAAA;undefined;OTHER;OTHER
invoice-2137.tiff;1;1;2480;3508;262873;478;1920;124;48;478;1920;602;1920;602;1968;478;1968;Gamer;AAAAA;undefined;OTHER;OTHER
invoice-2137.tiff;1;1;2480;3508;262874;613;1920;148;48;613;1920;761;1920;761;1968;613;1968;Playseat;AAAAAAAA;undefined;OTHER;OTHER
invoice-2137.tiff;1;1;2480;3508;262875;771;1920;108;48;771;1920;879;1920;879;1968;771;1968;Office;AAAAAA;undefined;OTHER;OTHER
invoice-2137.tiff;1;1;2480;3508;262876;891;1920;101;48;891;1920;992;1920;992;1968;891;1968;Black;AAAAA;undefined;OTHER;OTHER
invoice-2137.tiff;1;1;2480;3508;262877;1343;1920;114;48;1343;1920;1457;1920;1457;1968;1343;1968;249,99;NNNSNN;undefined;OTHER;OTHER
invoice-2137.tiff;1;1;2480;3508;262878;1468;1920;20;48;1468;1920;1488;1920;1488;1968;1468;1968;$;S;undefined;OTHER;OTHER
invoice-2137.tiff;1;1;2480;3508;262879;1692;1920;114;48;1692;1920;1806;1920;1806;1968;1692;1968;20.0%;NNSNS;undefined;OTHER;OTHER
invoice-2137.tiff;1;1;2480;3508;262880;2010;1920;114;48;2010;1920;2124;1920;2124;1968;2010;1968;499,98;NNNSNN;undefined;OTHER;OTHER
invoice-2137.tiff;1;1;2480;3508;262881;2135;1920;20;48;2135;1920;2155;1920;2155;1968;2135;1968;$;S;undefined;OTHER;OTHER
invoice-2137.tiff;1;1;2480;3508;262882;239;2010;20;48;239;2010;259;2010;259;2058;239;2058;3;N;undefined;OTHER;OTHER
invoice-2137.tiff;1;1;2480;3508;262883;375;2010;194;48;375;2010;569;2010;569;2058;375;2058;Aspirateur;AAAAAAAAAA;undefined;OTHER;OTHER
invoice-2137.tiff;1;1;2480;3508;262884;579;2010;78;48;579;2010;657;2010;657;2058;579;2058;avec;AAAA;undefined;OTHER;OTHER
invoice-2137.tiff;1;1;2480;3508;262885;668;2010;55;48;668;2010;723;2010;723;2058;668;2058;sac;AAA;undefined;OTHER;OTHER
invoice-2137.tiff;1;1;2480;3508;262886;734;2010;185;48;734;2010;919;2010;919;2058;734;2058;Electrolux;AAAAAAAAAA;undefined;OTHER;OTHER
invoice-2137.tiff;1;1;2480;3508;262887;930;2010;238;48;930;2010;1168;2010;1168;2058;930;2058;UltraSilencer;AAAAAAAAAAAAA;undefined;OTHER;OTHER
invoice-2137.tiff;1;1;2480;3508;262888;1179;2010;69;48;1179;2010;1248;2010;1248;2058;1179;2058;Zen;AAA;undefined;OTHER;OTHER
invoice-2137.tiff;1;1;2480;3508;262890;1343;2010;114;48;1343;2010;1457;2010;1457;2058;1343;2058;199,99;NNNSNN;undefined;OTHER;OTHER
invoice-2137.tiff;1;1;2480;3508;262891;1468;2010;20;48;1468;2010;1488;2010;1488;2058;1468;2058;$;S;undefined;OTHER;OTHER
invoice-2137.tiff;1;1;2480;3508;262892;1692;2010;114;48;1692;2010;1806;2010;1806;2058;1692;2058;20.0%;NNSNS;undefined;OTHER;OTHER
invoice-2137.tiff;1;1;2480;3508;262893;2010;2010;114;48;2010;2010;2124;2010;2124;2058;2010;2058;599,98;NNNSNN;undefined;OTHER;OTHER
invoice-2137.tiff;1;1;2480;3508;262894;2135;2010;20;48;2135;2010;2155;2010;2155;2058;2135;2058;$;S;undefined;OTHER;OTHER
invoice-2137.tiff;1;1;2480;3508;262889;375;2058;180;48;375;2058;555;2058;555;2106;375;2106;EUS85BR;AAANNAA;undefined;OTHER;OTHER
invoice-2137.tiff;1;1;2480;3508;262895;1772;2189;155;51;1772;2189;1927;2189;1927;2240;1772;2240;Montant;AAAAAAA;undefined;OTHER;OTHER
invoice-2137.tiff;1;1;2480;3508;262896;1938;2189;61;51;1938;2189;1999;2189;1999;2240;1938;2240;HT;AA;undefined;OTHER;OTHER
invoice-2137.tiff;1;1;2480;3508;262897;2041;2189;135;46;2041;2189;2176;2189;2176;2235;2041;2235;1099,96;NNNNSNN;TWTX;TOTAL_WITHOUT_TAX;TWTXS
invoice-2137.tiff;1;1;2480;3508;262898;2187;2189;20;46;2187;2189;2207;2189;2207;2235;2187;2235;$;S;TWTX;TOTAL_WITHOUT_TAX;TWTXS
invoice-2137.tiff;1;1;2480;3508;262899;1804;2241;94;51;1804;2241;1898;2241;1898;2292;1804;2292;Taux;AAAA;undefined;OTHER;OTHER
invoice-2137.tiff;1;1;2480;3508;262900;1910;2241;43;51;1910;2241;1953;2241;1953;2292;1910;2292;de;AA;undefined;OTHER;OTHER
invoice-2137.tiff;1;1;2480;3508;262901;1964;2241;94;51;1964;2241;2058;2241;2058;2292;1964;2292;TVA;AAA;undefined;OTHER;OTHER
invoice-2137.tiff;1;1;2480;3508;262902;2100;2241;107;46;2100;2241;2207;2241;2207;2287;2100;2287;20.0%;NNSNS;TXR;TAX_RATE;Tax Rate
invoice-2137.tiff;1;1;2480;3508;262903;1926;2292;94;51;1926;2292;2020;2292;2020;2343;1926;2343;TVA;AAA;undefined;OTHER;OTHER
invoice-2137.tiff;1;1;2480;3508;262904;2062;2292;114;46;2062;2292;2176;2292;2176;2338;2062;2338;219,99;NNNSNN;TTX;TOTAL_TAX;Total Tax
invoice-2137.tiff;1;1;2480;3508;262905;2187;2292;20;46;2187;2292;2207;2292;2207;2338;2187;2338;$;S;TTX;TOTAL_TAX;Total Tax
invoice-2137.tiff;1;1;2480;3508;262906;1805;2343;96;51;1805;2343;1901;2343;1901;2394;1805;2394;Total;AAAAA;undefined;OTHER;OTHER
invoice-2137.tiff;1;1;2480;3508;262907;1913;2343;86;51;1913;2343;1999;2343;1999;2394;1913;2394;TTC;AAA;undefined;OTHER;OTHER
invoice-2137.tiff;1;1;2480;3508;262908;2041;2343;135;46;2041;2343;2176;2343;2176;2389;2041;2389;1319,95;NNNNSNN;TA;TOTAL_AMOUNT;Total with TAX
invoice-2137.tiff;1;1;2480;3508;262909;2187;2343;20;46;2187;2343;2207;2343;2207;2389;2187;2389;$;S;TA;TOTAL_AMOUNT;Total with TAX
invoice-2137.tiff;1;1;2480;3508;262910;1187;3154;173;48;1187;3154;1360;3154;1360;3202;1187;3202;CENTRE;AAAAAA;SN;SUPPLIER_NAME;Seller/Company) name
invoice-2137.tiff;1;1;2480;3508;262911;1371;3154;192;48;1371;3154;1563;3154;1563;3202;1371;3202;ACCUEIL;AAAAAAA;SN;SUPPLIER_NAME;Seller/Company) name
invoice-2137.tiff;1;1;2480;3508;262912;1574;3154;57;48;1574;3154;1631;3154;1631;3202;1574;3202;DE;AA;SN;SUPPLIER_NAME;Seller/Company) name
invoice-2137.tiff;1;1;2480;3508;262913;1642;3154;113;48;1642;3154;1755;3154;1755;3202;1642;3202;JOUR;AAAA;SN;SUPPLIER_NAME;Seller/Company) name
invoice-2137.tiff;1;1;2480;3508;262914;1187;3202;20;45;1187;3202;1207;3202;1207;3247;1187;3247;8;N;SA;SUPPLIER_ADDRESS;Seller Address
invoice-2137.tiff;1;1;2480;3508;262915;1218;3202;81;45;1218;3202;1299;3202;1299;3247;1218;3247;RUE;AAA;SA;SUPPLIER_ADDRESS;Seller Address
invoice-2137.tiff;1;1;2480;3508;262916;1310;3202;196;45;1310;3202;1506;3202;1506;3247;1310;3247;FRANCOIS;AAAAAAAA;SA;SUPPLIER_ADDRESS;Seller Address
invoice-2137.tiff;1;1;2480;3508;262917;1517;3202;159;45;1517;3202;1676;3202;1676;3247;1517;3247;BARDOT;AAAAAA;SA;SUPPLIER_ADDRESS;Seller Address
invoice-2137.tiff;1;1;2480;3508;262918;1187;3248;104;45;1187;3248;1291;3248;1291;3293;1187;3293;90000;NNNNN;SA;SUPPLIER_ADDRESS;Seller Address
invoice-2137.tiff;1;1;2480;3508;262919;1333;3248;178;45;1333;3248;1511;3248;1511;3293;1333;3293;BELFORT;AAAAAAA;SA;SUPPLIER_ADDRESS;Seller Address
invoice-2137.tiff;1;1;2480;3508;262920;1187;3293;157;45;1187;3293;1344;3293;1344;3338;1187;3338;FRANCE;AAAAAA;SA;SUPPLIER_ADDRESS;Seller Address
