src;num_pages;page_id;page_width;page_height;id;col;row;width;height;x1;y1;x2;y2;x3;y3;x4;y4;contents;contents_masked;correctclass;tag;description
invoice-1900.tiff;1;1;2480;3508;233305;833;62;542;175;833;62;1375;62;1375;237;833;237;common/logo;AAAAAASAAAA;img;IMAGE;Image
invoice-1900.tiff;1;1;2480;3508;233295;124;237;115;49;124;237;239;237;239;286;124;286;CLOS;AAAA;SN;SUPPLIER_NAME;Seller/Company) name
invoice-1900.tiff;1;1;2480;3508;233296;252;237;162;49;252;237;414;237;414;286;252;286;GUERIN;AAAAAA;SN;SUPPLIER_NAME;Seller/Company) name
invoice-1900.tiff;1;1;2480;3508;233306;1541;237;120;48;1541;237;1661;237;1661;285;1541;285;Phone;AAAAA;undefined;OTHER;OTHER
invoice-1900.tiff;1;1;2480;3508;233307;1724;237;287;48;1724;237;2011;237;2011;285;1724;285;04-72-93-39-72;NNSNNSNNSNNSNN;SCN;SUPPLIER_CONTACT_NUMBER;Seller Contact Number
invoice-1900.tiff;1;1;2480;3508;233308;1541;285;69;48;1541;285;1610;285;1610;333;1541;333;Fax;AAA;undefined;OTHER;OTHER
invoice-1900.tiff;1;1;2480;3508;233309;1673;285;287;48;1673;285;1960;285;1960;333;1673;333;04-72-93-71-20;NNSNNSNNSNNSNN;SFAX;SUPPLIER_FAX_NUMBER;Seller Fax Number
invoice-1900.tiff;1;1;2480;3508;233297;124;287;69;48;124;287;193;287;193;335;124;335;725;NNN;SA;SUPPLIER_ADDRESS;Seller Address
invoice-1900.tiff;1;1;2480;3508;233298;206;287;164;48;206;287;370;287;370;335;206;335;CHEMIN;AAAAAA;SA;SUPPLIER_ADDRESS;Seller Address
invoice-1900.tiff;1;1;2480;3508;233299;382;287;57;48;382;287;439;287;439;335;382;335;DE;AA;SA;SUPPLIER_ADDRESS;Seller Address
invoice-1900.tiff;1;1;2480;3508;233300;451;287;50;48;451;287;501;287;501;335;451;335;LA;AA;SA;SUPPLIER_ADDRESS;Seller Address
invoice-1900.tiff;1;1;2480;3508;233301;514;287;222;48;514;287;736;287;736;335;514;335;GARRIGUE;AAAAAAAA;SA;SUPPLIER_ADDRESS;Seller Address
invoice-1900.tiff;1;1;2480;3508;233302;124;335;115;48;124;335;239;335;239;383;124;383;30490;NNNNN;SA;SUPPLIER_ADDRESS;Seller Address
invoice-1900.tiff;1;1;2480;3508;233303;282;335;219;48;282;335;501;335;501;383;282;383;MONTFRIN;AAAAAAAA;SA;SUPPLIER_ADDRESS;Seller Address
invoice-1900.tiff;1;1;2480;3508;233304;124;383;171;48;124;383;295;383;295;431;124;431;FRANCE;AAAAAA;SA;SUPPLIER_ADDRESS;Seller Address
invoice-1900.tiff;1;1;2480;3508;233310;124;768;172;59;124;768;296;768;296;827;124;827;Invoice;AAAAAAA;undefined;OTHER;OTHER
invoice-1900.tiff;1;1;2480;3508;233311;311;768;61;59;311;768;372;768;372;827;311;827;To;AA;undefined;OTHER;OTHER
invoice-1900.tiff;1;1;2480;3508;233312;124;828;164;49;124;828;288;828;288;877;124;877;Assunta;AAAAAAA;BN;BILLING_NAME;Billing Name
invoice-1900.tiff;1;1;2480;3508;233313;300;828;120;49;300;828;420;828;420;877;300;877;Jones;AAAAA;BN;BILLING_NAME;Billing Name
invoice-1900.tiff;1;1;2480;3508;233334;1541;854;157;54;1541;854;1698;854;1698;908;1541;908;Invoice;AAAAAAA;undefined;OTHER;OTHER
invoice-1900.tiff;1;1;2480;3508;233335;1712;854;173;54;1712;854;1885;854;1885;908;1712;908;Number;AAAAAA;undefined;OTHER;OTHER
invoice-1900.tiff;1;1;2480;3508;233336;2166;854;284;48;2166;854;2450;854;2450;902;2166;902;FV2015008971;AANNNNNNNNNN;IN;INVOICE_NUMBER;Invoice Number
invoice-1900.tiff;1;1;2480;3508;233314;124;877;57;48;124;877;181;877;181;925;124;925;71,;NNS;BA;BILLING_ADDRESS;Billing Address
invoice-1900.tiff;1;1;2480;3508;233315;194;877;136;48;194;877;330;877;330;925;194;925;avenue;AAAAAA;BA;BILLING_ADDRESS;Billing Address
invoice-1900.tiff;1;1;2480;3508;233316;342;877;67;48;342;877;409;877;409;925;342;925;des;AAA;BA;BILLING_ADDRESS;Billing Address
invoice-1900.tiff;1;1;2480;3508;233317;421;877;180;48;421;877;601;877;601;925;421;925;cordeliers;AAAAAAAAAA;BA;BILLING_ADDRESS;Billing Address
invoice-1900.tiff;1;1;2480;3508;233318;124;925;115;48;124;925;239;925;239;973;124;973;17000;NNNNN;BA;BILLING_ADDRESS;Billing Address
invoice-1900.tiff;1;1;2480;3508;233319;282;925;46;48;282;925;328;925;328;973;282;973;La;AA;BA;BILLING_ADDRESS;Billing Address
invoice-1900.tiff;1;1;2480;3508;233320;340;925;162;48;340;925;502;925;502;973;340;973;Rochelle;AAAAAAAA;BA;BILLING_ADDRESS;Billing Address
invoice-1900.tiff;1;1;2480;3508;233337;1541;929;99;54;1541;929;1640;929;1640;983;1541;983;Date;AAAA;undefined;OTHER;OTHER
invoice-1900.tiff;1;1;2480;3508;233338;2166;929;69;48;2166;929;2235;929;2235;977;2166;977;ago;AAA;IDATE;INVOICE_DATE;Invoice Date
invoice-1900.tiff;1;1;2480;3508;233339;2247;929;57;48;2247;929;2304;929;2304;977;2247;977;30,;NNS;IDATE;INVOICE_DATE;Invoice Date
invoice-1900.tiff;1;1;2480;3508;233340;2317;929;92;48;2317;929;2409;929;2409;977;2317;977;2008;NNNN;IDATE;INVOICE_DATE;Invoice Date
invoice-1900.tiff;1;1;2480;3508;233321;124;973;129;48;124;973;253;973;253;1021;124;1021;France;AAAAAA;BA;BILLING_ADDRESS;Billing Address
invoice-1900.tiff;1;1;2480;3508;233341;1541;1005;127;54;1541;1005;1668;1005;1668;1059;1541;1059;Client;AAAAAA;undefined;OTHER;OTHER
invoice-1900.tiff;1;1;2480;3508;233342;1681;1005;173;54;1681;1005;1854;1005;1854;1059;1681;1059;Number;AAAAAA;undefined;OTHER;OTHER
invoice-1900.tiff;1;1;2480;3508;233343;2166;1005;215;48;2166;1005;2381;1005;2381;1053;2166;1053;CL1020006;AANNNNNNN;CNUM;CLIENT_NUMBER;Client Number
invoice-1900.tiff;1;1;2480;3508;233322;124;1063;194;59;124;1063;318;1063;318;1122;124;1122;Delivery;AAAAAAAA;undefined;OTHER;OTHER
invoice-1900.tiff;1;1;2480;3508;233323;333;1063;61;59;333;1063;394;1063;394;1122;333;1122;To;AA;undefined;OTHER;OTHER
invoice-1900.tiff;1;1;2480;3508;233344;1541;1080;124;54;1541;1080;1665;1080;1665;1134;1541;1134;Order;AAAAA;undefined;OTHER;OTHER
invoice-1900.tiff;1;1;2480;3508;233345;1679;1080;173;54;1679;1080;1852;1080;1852;1134;1679;1134;Number;AAAAAA;undefined;OTHER;OTHER
invoice-1900.tiff;1;1;2480;3508;233346;2166;1080;222;48;2166;1080;2388;1080;2388;1128;2166;1128;CD2015001;AANNNNNNN;ONUM;ORDER_NUMBER;Order Number
invoice-1900.tiff;1;1;2480;3508;233324;124;1123;164;49;124;1123;288;1123;288;1172;124;1172;Assunta;AAAAAAA;SHN;SHIPPING_NAME;Shipping Name
invoice-1900.tiff;1;1;2480;3508;233325;300;1123;120;49;300;1123;420;1123;420;1172;300;1172;Jones;AAAAA;SHN;SHIPPING_NAME;Shipping Name
invoice-1900.tiff;1;1;2480;3508;233347;1541;1155;135;54;1541;1155;1676;1155;1676;1209;1541;1209;Payed;AAAAA;undefined;OTHER;OTHER
invoice-1900.tiff;1;1;2480;3508;233348;1689;1155;173;54;1689;1155;1862;1155;1862;1209;1689;1209;through;AAAAAAA;undefined;OTHER;OTHER
invoice-1900.tiff;1;1;2480;3508;233349;2166;1155;94;48;2166;1155;2260;1155;2260;1203;2166;1203;Bank;AAAA;PMODE;PAYMENT_MODE;Payment Mode
invoice-1900.tiff;1;1;2480;3508;233350;2273;1155;155;48;2273;1155;2428;1155;2428;1203;2273;1203;Transfer;AAAAAAAA;PMODE;PAYMENT_MODE;Payment Mode
invoice-1900.tiff;1;1;2480;3508;233326;124;1172;57;48;124;1172;181;1172;181;1220;124;1220;71,;NNS;SHA;SHIPPING_ADDRESS;Shipping Address
invoice-1900.tiff;1;1;2480;3508;233327;194;1172;136;48;194;1172;330;1172;330;1220;194;1220;avenue;AAAAAA;SHA;SHIPPING_ADDRESS;Shipping Address
invoice-1900.tiff;1;1;2480;3508;233328;342;1172;67;48;342;1172;409;1172;409;1220;342;1220;des;AAA;SHA;SHIPPING_ADDRESS;Shipping Address
invoice-1900.tiff;1;1;2480;3508;233329;421;1172;180;48;421;1172;601;1172;601;1220;421;1220;cordeliers;AAAAAAAAAA;SHA;SHIPPING_ADDRESS;Shipping Address
invoice-1900.tiff;1;1;2480;3508;233330;124;1220;115;48;124;1220;239;1220;239;1268;124;1268;17000;NNNNN;SHA;SHIPPING_ADDRESS;Shipping Address
invoice-1900.tiff;1;1;2480;3508;233331;282;1220;46;48;282;1220;328;1220;328;1268;282;1268;La;AA;SHA;SHIPPING_ADDRESS;Shipping Address
invoice-1900.tiff;1;1;2480;3508;233332;340;1220;162;48;340;1220;502;1220;502;1268;340;1268;Rochelle;AAAAAAAA;SHA;SHIPPING_ADDRESS;Shipping Address
invoice-1900.tiff;1;1;2480;3508;233333;124;1269;129;48;124;1269;253;1269;253;1317;124;1317;France;AAAAAA;SHA;SHIPPING_ADDRESS;Shipping Address
invoice-1900.tiff;1;1;2480;3508;233351;171;1584;73;54;171;1584;244;1584;244;1638;171;1638;No.;AAS;undefined;OTHER;OTHER
invoice-1900.tiff;1;1;2480;3508;233352;548;1584;277;54;548;1584;825;1584;825;1638;548;1638;Descriptions;AAAAAAAAAAAA;undefined;OTHER;OTHER
invoice-1900.tiff;1;1;2480;3508;233353;1190;1584;76;54;1190;1584;1266;1584;1266;1638;1190;1638;Qty;AAA;undefined;OTHER;OTHER
invoice-1900.tiff;1;1;2480;3508;233354;1476;1584;89;54;1476;1584;1565;1584;1565;1638;1476;1638;U.P.;ASAS;undefined;OTHER;OTHER
invoice-1900.tiff;1;1;2480;3508;233355;1714;1584;196;54;1714;1584;1910;1584;1910;1638;1714;1638;VAT/TVA;AAASAAA;undefined;OTHER;OTHER
invoice-1900.tiff;1;1;2480;3508;233356;2017;1584;173;54;2017;1584;2190;1584;2190;1638;2017;1638;Amount;AAAAAA;undefined;OTHER;OTHER
invoice-1900.tiff;1;1;2480;3508;233357;196;1659;23;49;196;1659;219;1659;219;1708;196;1708;1;N;undefined;OTHER;OTHER
invoice-1900.tiff;1;1;2480;3508;233358;291;1659;164;49;291;1659;455;1659;455;1708;291;1708;Scanner;AAAAAAA;undefined;OTHER;OTHER
invoice-1900.tiff;1;1;2480;3508;233359;467;1659;92;49;467;1659;559;1659;559;1708;467;1708;pour;AAAA;undefined;OTHER;OTHER
invoice-1900.tiff;1;1;2480;3508;233360;571;1659;240;49;571;1659;811;1659;811;1708;571;1708;diapositives;AAAAAAAAAAAA;undefined;OTHER;OTHER
invoice-1900.tiff;1;1;2480;3508;233361;824;1659;113;49;824;1659;937;1659;937;1708;824;1708;Rollei;AAAAAA;undefined;OTHER;OTHER
invoice-1900.tiff;1;1;2480;3508;233362;949;1659;124;49;949;1659;1073;1659;1073;1708;949;1708;PDF-S;AAASA;undefined;OTHER;OTHER
invoice-1900.tiff;1;1;2480;3508;233364;1217;1659;23;49;1217;1659;1240;1659;1240;1708;1217;1708;4;N;undefined;OTHER;OTHER
invoice-1900.tiff;1;1;2480;3508;233365;1407;1659;127;49;1407;1659;1534;1659;1534;1708;1407;1708;141,67;NNNSNN;undefined;OTHER;OTHER
invoice-1900.tiff;1;1;2480;3508;233366;1546;1659;87;49;1546;1659;1633;1659;1633;1708;1546;1708;USD;AAA;undefined;OTHER;OTHER
invoice-1900.tiff;1;1;2480;3508;233367;1753;1659;118;49;1753;1659;1871;1659;1871;1708;1753;1708;20.0%;NNSNS;undefined;OTHER;OTHER
invoice-1900.tiff;1;1;2480;3508;233368;1990;1659;127;49;1990;1659;2117;1659;2117;1708;1990;1708;566,67;NNNSNN;undefined;OTHER;OTHER
invoice-1900.tiff;1;1;2480;3508;233369;2129;1659;87;49;2129;1659;2216;1659;2216;1708;2129;1708;USD;AAA;undefined;OTHER;OTHER
invoice-1900.tiff;1;1;2480;3508;233363;291;1709;69;49;291;1709;360;1709;360;1758;291;1758;340;NNN;undefined;OTHER;OTHER
invoice-1900.tiff;1;1;2480;3508;233370;196;1800;23;49;196;1800;219;1800;219;1849;196;1849;2;N;undefined;OTHER;OTHER
invoice-1900.tiff;1;1;2480;3508;233371;291;1800;208;49;291;1800;499;1800;499;1849;291;1849;Aspirateur;AAAAAAAAAA;undefined;OTHER;OTHER
invoice-1900.tiff;1;1;2480;3508;233372;511;1800;92;49;511;1800;603;1800;603;1849;511;1849;avec;AAAA;undefined;OTHER;OTHER
invoice-1900.tiff;1;1;2480;3508;233373;615;1800;69;49;615;1800;684;1800;684;1849;615;1849;sac;AAA;undefined;OTHER;OTHER
invoice-1900.tiff;1;1;2480;3508;233374;696;1800;166;49;696;1800;862;1800;862;1849;696;1849;Tornado;AAAAAAA;undefined;OTHER;OTHER
invoice-1900.tiff;1;1;2480;3508;233375;875;1800;155;49;875;1800;1030;1800;1030;1849;875;1849;EasyGo;AAAAAA;undefined;OTHER;OTHER
invoice-1900.tiff;1;1;2480;3508;233377;1217;1800;23;49;1217;1800;1240;1800;1240;1849;1217;1849;4;N;undefined;OTHER;OTHER
invoice-1900.tiff;1;1;2480;3508;233378;1418;1800;104;49;1418;1800;1522;1800;1522;1849;1418;1849;66,66;NNSNN;undefined;OTHER;OTHER
invoice-1900.tiff;1;1;2480;3508;233379;1534;1800;87;49;1534;1800;1621;1800;1621;1849;1534;1849;USD;AAA;undefined;OTHER;OTHER
invoice-1900.tiff;1;1;2480;3508;233380;1753;1800;118;49;1753;1800;1871;1800;1871;1849;1753;1849;20.0%;NNSNS;undefined;OTHER;OTHER
invoice-1900.tiff;1;1;2480;3508;233381;1990;1800;127;49;1990;1800;2117;1800;2117;1849;1990;1849;266,63;NNNSNN;undefined;OTHER;OTHER
invoice-1900.tiff;1;1;2480;3508;233382;2129;1800;87;49;2129;1800;2216;1800;2216;1849;2129;1849;USD;AAA;undefined;OTHER;OTHER
invoice-1900.tiff;1;1;2480;3508;233376;291;1850;215;49;291;1850;506;1850;506;1899;291;1899;TOEG41IW;AAAANNAA;undefined;OTHER;OTHER
invoice-1900.tiff;1;1;2480;3508;233383;196;1941;23;49;196;1941;219;1941;219;1990;196;1990;3;N;undefined;OTHER;OTHER
invoice-1900.tiff;1;1;2480;3508;233384;291;1941;261;49;291;1941;552;1941;552;1990;291;1990;Réfrigérateur;AAAAAAAAAAAAA;undefined;OTHER;OTHER
invoice-1900.tiff;1;1;2480;3508;233385;564;1941;171;49;564;1941;735;1941;735;1990;564;1990;combiné;AAAAAAA;undefined;OTHER;OTHER
invoice-1900.tiff;1;1;2480;3508;233386;747;1941;231;49;747;1941;978;1941;978;1990;747;1990;encastrable;AAAAAAAAAAA;undefined;OTHER;OTHER
invoice-1900.tiff;1;1;2480;3508;233389;1217;1941;23;49;1217;1941;1240;1941;1240;1990;1217;1990;1;N;undefined;OTHER;OTHER
invoice-1900.tiff;1;1;2480;3508;233390;1407;1941;127;49;1407;1941;1534;1941;1534;1990;1407;1990;374,17;NNNSNN;undefined;OTHER;OTHER
invoice-1900.tiff;1;1;2480;3508;233391;1546;1941;87;49;1546;1941;1633;1941;1633;1990;1546;1990;USD;AAA;undefined;OTHER;OTHER
invoice-1900.tiff;1;1;2480;3508;233392;1753;1941;118;49;1753;1941;1871;1941;1871;1990;1753;1990;20.0%;NNSNS;undefined;OTHER;OTHER
invoice-1900.tiff;1;1;2480;3508;233393;1990;1941;127;49;1990;1941;2117;1941;2117;1990;1990;1990;374,17;NNNSNN;undefined;OTHER;OTHER
invoice-1900.tiff;1;1;2480;3508;233394;2129;1941;87;49;2129;1941;2216;1941;2216;1990;2129;1990;USD;AAA;undefined;OTHER;OTHER
invoice-1900.tiff;1;1;2480;3508;233387;291;1991;127;49;291;1991;418;1991;418;2040;291;2040;Candy;AAAAA;undefined;OTHER;OTHER
invoice-1900.tiff;1;1;2480;3508;233388;430;1991;217;49;430;1991;647;1991;647;2040;430;2040;CKBBS100;AAAAANNN;undefined;OTHER;OTHER
invoice-1900.tiff;1;1;2480;3508;233395;196;2082;23;49;196;2082;219;2082;219;2131;196;2131;4;N;undefined;OTHER;OTHER
invoice-1900.tiff;1;1;2480;3508;233396;291;2082;208;49;291;2082;499;2082;499;2131;291;2131;Aspirateur;AAAAAAAAAA;undefined;OTHER;OTHER
invoice-1900.tiff;1;1;2480;3508;233397;511;2082;94;49;511;2082;605;2082;605;2131;511;2131;balai;AAAAA;undefined;OTHER;OTHER
invoice-1900.tiff;1;1;2480;3508;233398;618;2082;115;49;618;2082;733;2082;733;2131;618;2131;Fagor;AAAAA;undefined;OTHER;OTHER
invoice-1900.tiff;1;1;2480;3508;233399;745;2082;127;49;745;2082;872;2082;872;2131;745;2131;FG921;AANNN;undefined;OTHER;OTHER
invoice-1900.tiff;1;1;2480;3508;233400;884;2082;83;49;884;2082;967;2082;967;2131;884;2131;Noir;AAAA;undefined;OTHER;OTHER
invoice-1900.tiff;1;1;2480;3508;233401;1217;2082;23;49;1217;2082;1240;2082;1240;2131;1217;2131;3;N;undefined;OTHER;OTHER
invoice-1900.tiff;1;1;2480;3508;233402;1418;2082;104;49;1418;2082;1522;2082;1522;2131;1418;2131;74,99;NNSNN;undefined;OTHER;OTHER
invoice-1900.tiff;1;1;2480;3508;233403;1534;2082;87;49;1534;2082;1621;2082;1621;2131;1534;2131;USD;AAA;undefined;OTHER;OTHER
invoice-1900.tiff;1;1;2480;3508;233404;1753;2082;118;49;1753;2082;1871;2082;1871;2131;1753;2131;20.0%;NNSNS;undefined;OTHER;OTHER
invoice-1900.tiff;1;1;2480;3508;233405;1990;2082;127;49;1990;2082;2117;2082;2117;2131;1990;2131;224,98;NNNSNN;undefined;OTHER;OTHER
invoice-1900.tiff;1;1;2480;3508;233406;2129;2082;87;49;2129;2082;2216;2082;2216;2131;2129;2131;USD;AAA;undefined;OTHER;OTHER
invoice-1900.tiff;1;1;2480;3508;233407;1758;2215;157;52;1758;2215;1915;2215;1915;2267;1758;2267;Amount;AAAAAA;undefined;OTHER;OTHER
invoice-1900.tiff;1;1;2480;3508;233408;1958;2215;150;48;1958;2215;2108;2215;2108;2263;1958;2263;1432,44;NNNNSNN;TWTX;TOTAL_WITHOUT_TAX;TWTXS
invoice-1900.tiff;1;1;2480;3508;233409;2120;2215;87;48;2120;2215;2207;2215;2207;2263;2120;2263;USD;AAA;TWTX;TOTAL_WITHOUT_TAX;TWTXS
invoice-1900.tiff;1;1;2480;3508;233410;1679;2268;89;52;1679;2268;1768;2268;1768;2320;1679;2320;TVA;AAA;undefined;OTHER;OTHER
invoice-1900.tiff;1;1;2480;3508;233411;1781;2268;157;52;1781;2268;1938;2268;1938;2320;1781;2320;Amount;AAAAAA;undefined;OTHER;OTHER
invoice-1900.tiff;1;1;2480;3508;233412;1981;2268;127;48;1981;2268;2108;2268;2108;2316;1981;2316;286,49;NNNSNN;TTX;TOTAL_TAX;Total Tax
invoice-1900.tiff;1;1;2480;3508;233413;2120;2268;87;48;2120;2268;2207;2268;2207;2316;2120;2316;USD;AAA;TTX;TOTAL_TAX;Total Tax
invoice-1900.tiff;1;1;2480;3508;233414;1643;2321;101;52;1643;2321;1744;2321;1744;2373;1643;2373;Total;AAAAA;undefined;OTHER;OTHER
invoice-1900.tiff;1;1;2480;3508;233415;1758;2321;157;52;1758;2321;1915;2321;1915;2373;1758;2373;Amount;AAAAAA;undefined;OTHER;OTHER
invoice-1900.tiff;1;1;2480;3508;233416;1958;2321;150;48;1958;2321;2108;2321;2108;2369;1958;2369;1718,93;NNNNSNN;TA;TOTAL_AMOUNT;Total with TAX
invoice-1900.tiff;1;1;2480;3508;233417;2120;2321;87;48;2120;2321;2207;2321;2207;2369;2120;2369;USD;AAA;TA;TOTAL_AMOUNT;Total with TAX
invoice-1900.tiff;1;1;2480;3508;233418;1187;3175;115;49;1187;3175;1302;3175;1302;3224;1187;3224;CLOS;AAAA;SN;SUPPLIER_NAME;Seller/Company) name
invoice-1900.tiff;1;1;2480;3508;233419;1314;3175;162;49;1314;3175;1476;3175;1476;3224;1314;3224;GUERIN;AAAAAA;SN;SUPPLIER_NAME;Seller/Company) name
invoice-1900.tiff;1;1;2480;3508;233420;1187;3224;69;48;1187;3224;1256;3224;1256;3272;1187;3272;725;NNN;SA;SUPPLIER_ADDRESS;Seller Address
invoice-1900.tiff;1;1;2480;3508;233421;1268;3224;164;48;1268;3224;1432;3224;1432;3272;1268;3272;CHEMIN;AAAAAA;SA;SUPPLIER_ADDRESS;Seller Address
invoice-1900.tiff;1;1;2480;3508;233422;1444;3224;57;48;1444;3224;1501;3224;1501;3272;1444;3272;DE;AA;SA;SUPPLIER_ADDRESS;Seller Address
invoice-1900.tiff;1;1;2480;3508;233423;1513;3224;50;48;1513;3224;1563;3224;1563;3272;1513;3272;LA;AA;SA;SUPPLIER_ADDRESS;Seller Address
invoice-1900.tiff;1;1;2480;3508;233424;1576;3224;222;48;1576;3224;1798;3224;1798;3272;1576;3272;GARRIGUE;AAAAAAAA;SA;SUPPLIER_ADDRESS;Seller Address
invoice-1900.tiff;1;1;2480;3508;233425;1187;3272;115;48;1187;3272;1302;3272;1302;3320;1187;3320;30490;NNNNN;SA;SUPPLIER_ADDRESS;Seller Address
invoice-1900.tiff;1;1;2480;3508;233426;1344;3272;219;48;1344;3272;1563;3272;1563;3320;1344;3320;MONTFRIN;AAAAAAAA;SA;SUPPLIER_ADDRESS;Seller Address
invoice-1900.tiff;1;1;2480;3508;233427;1187;3320;171;48;1187;3320;1358;3320;1358;3368;1187;3368;FRANCE;AAAAAA;SA;SUPPLIER_ADDRESS;Seller Address
