src;num_pages;page_id;page_width;page_height;id;col;row;width;height;x1;y1;x2;y2;x3;y3;x4;y4;contents;contents_masked;correctclass;tag;description
invoice-2715.tiff;1;1;2480;3508;334136;1187;62;178;175;1187;62;1365;62;1365;237;1187;237;common/logo;AAAAAASAAAA;img;IMAGE;Image
invoice-2715.tiff;1;1;2480;3508;334130;124;270;300;52;124;270;424;270;424;322;124;322;Facture-n°;AAAAAAASAS;undefined;OTHER;OTHER
invoice-2715.tiff;1;1;2480;3508;334131;487;270;219;48;487;270;706;270;706;318;487;318;FC500155;AANNNNNN;IN;INVOICE_NUMBER;Invoice Number
invoice-2715.tiff;1;1;2480;3508;334132;124;344;59;52;124;344;183;344;183;396;124;396;Du;AA;undefined;OTHER;OTHER
invoice-2715.tiff;1;1;2480;3508;334133;247;344;54;48;247;344;301;344;301;392;247;392;27;NN;IDATE;INVOICE_DATE;Invoice Date
invoice-2715.tiff;1;1;2480;3508;334134;330;344;82;48;330;344;412;344;412;392;330;392;may;AAA;IDATE;INVOICE_DATE;Invoice Date
invoice-2715.tiff;1;1;2480;3508;334135;439;344;109;48;439;344;548;344;548;392;439;392;2019;NNNN;IDATE;INVOICE_DATE;Invoice Date
invoice-2715.tiff;1;1;2480;3508;334137;1187;412;175;43;1187;412;1362;412;1362;455;1187;455;ELEVAGE;AAAAAAA;SN;SUPPLIER_NAME;Seller/Company) name
invoice-2715.tiff;1;1;2480;3508;334138;1387;412;75;43;1387;412;1462;412;1462;455;1387;455;LES;AAA;SN;SUPPLIER_NAME;Seller/Company) name
invoice-2715.tiff;1;1;2480;3508;334139;1487;412;124;43;1487;412;1611;412;1611;455;1487;455;MINIS;AAAAA;SN;SUPPLIER_NAME;Seller/Company) name
invoice-2715.tiff;1;1;2480;3508;334140;1637;412;50;43;1637;412;1687;412;1687;455;1637;455;DE;AA;SN;SUPPLIER_NAME;Seller/Company) name
invoice-2715.tiff;1;1;2480;3508;334141;1712;412;200;43;1712;412;1912;412;1912;455;1712;455;LOUTHANE;AAAAAAAA;SN;SUPPLIER_NAME;Seller/Company) name
invoice-2715.tiff;1;1;2480;3508;334142;1187;456;75;43;1187;456;1262;456;1262;499;1187;499;MAS;AAA;SA;SUPPLIER_ADDRESS;Seller Address
invoice-2715.tiff;1;1;2480;3508;334143;1287;456;50;43;1287;456;1337;456;1337;499;1287;499;DE;AA;SA;SUPPLIER_ADDRESS;Seller Address
invoice-2715.tiff;1;1;2480;3508;334144;1362;456;249;43;1362;456;1611;456;1611;499;1362;499;PEYCHERING;AAAAAAAAAA;SA;SUPPLIER_ADDRESS;Seller Address
invoice-2715.tiff;1;1;2480;3508;334145;1620;456;124;43;1620;456;1744;456;1744;499;1620;499;34130;NNNNN;SA;SUPPLIER_ADDRESS;Seller Address
invoice-2715.tiff;1;1;2480;3508;334146;1754;456;249;43;1754;456;2003;456;2003;499;1754;499;LANSARGUES;AAAAAAAAAA;SA;SUPPLIER_ADDRESS;Seller Address
invoice-2715.tiff;1;1;2480;3508;334147;2012;456;150;43;2012;456;2162;456;2162;499;2012;499;FRANCE;AAAAAA;SA;SUPPLIER_ADDRESS;Seller Address
invoice-2715.tiff;1;1;2480;3508;334148;1187;500;100;43;1187;500;1287;500;1287;543;1187;543;Tel:;AAAS;undefined;OTHER;OTHER
invoice-2715.tiff;1;1;2480;3508;334149;1312;500;350;43;1312;500;1662;500;1662;543;1312;543;03.54.45.06.83;NNSNNSNNSNNSNN;SCN;SUPPLIER_CONTACT_NUMBER;Seller Contact Number
invoice-2715.tiff;1;1;2480;3508;334150;1704;500;100;43;1704;500;1804;500;1804;543;1704;543;Fax:;AAAS;undefined;OTHER;OTHER
invoice-2715.tiff;1;1;2480;3508;334151;1829;500;350;43;1829;500;2179;500;2179;543;1829;543;03.54.45.82.53;NNSNNSNNSNNSNN;SFAX;SUPPLIER_FAX_NUMBER;Seller Fax Number
invoice-2715.tiff;1;1;2480;3508;334152;124;720;210;52;124;720;334;720;334;772;124;772;Adresse;AAAAAAA;undefined;OTHER;OTHER
invoice-2715.tiff;1;1;2480;3508;334153;365;720;270;52;365;720;635;720;635;772;365;772;Livraison;AAAAAAAAA;undefined;OTHER;OTHER
invoice-2715.tiff;1;1;2480;3508;334154;124;773;100;43;124;773;224;773;224;816;124;816;Prof;AAAA;SHN;SHIPPING_NAME;Shipping Name
invoice-2715.tiff;1;1;2480;3508;334155;249;773;100;43;249;773;349;773;349;816;249;816;Hugo;AAAA;SHN;SHIPPING_NAME;Shipping Name
invoice-2715.tiff;1;1;2480;3508;334156;375;773;124;43;375;773;499;773;499;816;375;816;Lopez;AAAAA;SHN;SHIPPING_NAME;Shipping Name
invoice-2715.tiff;1;1;2480;3508;334164;1541;773;100;43;1541;773;1641;773;1641;816;1541;816;Prof;AAAA;BN;BILLING_NAME;Billing Name
invoice-2715.tiff;1;1;2480;3508;334165;1666;773;100;43;1666;773;1766;773;1766;816;1666;816;Hugo;AAAA;BN;BILLING_NAME;Billing Name
invoice-2715.tiff;1;1;2480;3508;334166;1791;773;124;43;1791;773;1915;773;1915;816;1791;816;Lopez;AAAAA;BN;BILLING_NAME;Billing Name
invoice-2715.tiff;1;1;2480;3508;334157;124;817;50;43;124;817;174;817;174;860;124;860;1,;NS;SHA;SHIPPING_ADDRESS;Shipping Address
invoice-2715.tiff;1;1;2480;3508;334158;200;817;224;43;200;817;424;817;424;860;200;860;résidence;AAAAAAAAA;SHA;SHIPPING_ADDRESS;Shipping Address
invoice-2715.tiff;1;1;2480;3508;334159;449;817;50;43;449;817;499;817;499;860;449;860;du;AA;SHA;SHIPPING_ADDRESS;Shipping Address
invoice-2715.tiff;1;1;2480;3508;334160;525;817;200;43;525;817;725;817;725;860;525;860;catillon;AAAAAAAA;SHA;SHIPPING_ADDRESS;Shipping Address
invoice-2715.tiff;1;1;2480;3508;334167;1541;817;50;43;1541;817;1591;817;1591;860;1541;860;1,;NS;BA;BILLING_ADDRESS;Billing Address
invoice-2715.tiff;1;1;2480;3508;334168;1616;817;224;43;1616;817;1840;817;1840;860;1616;860;résidence;AAAAAAAAA;BA;BILLING_ADDRESS;Billing Address
invoice-2715.tiff;1;1;2480;3508;334169;1866;817;50;43;1866;817;1916;817;1916;860;1866;860;du;AA;BA;BILLING_ADDRESS;Billing Address
invoice-2715.tiff;1;1;2480;3508;334170;1941;817;200;43;1941;817;2141;817;2141;860;1941;860;catillon;AAAAAAAA;BA;BILLING_ADDRESS;Billing Address
invoice-2715.tiff;1;1;2480;3508;334161;124;861;124;43;124;861;248;861;248;904;124;904;27940;NNNNN;SHA;SHIPPING_ADDRESS;Shipping Address
invoice-2715.tiff;1;1;2480;3508;334162;291;861;499;43;291;861;790;861;790;904;291;904;Courcelles-sur-Seine;AAAAAAAAAASAAASAAAAA;SHA;SHIPPING_ADDRESS;Shipping Address
invoice-2715.tiff;1;1;2480;3508;334171;1541;861;124;43;1541;861;1665;861;1665;904;1541;904;27940;NNNNN;BA;BILLING_ADDRESS;Billing Address
invoice-2715.tiff;1;1;2480;3508;334172;1708;861;499;43;1708;861;2207;861;2207;904;1708;904;Courcelles-sur-Seine;AAAAAAAAAASAAASAAAAA;BA;BILLING_ADDRESS;Billing Address
invoice-2715.tiff;1;1;2480;3508;334163;124;905;150;43;124;905;274;905;274;948;124;948;France;AAAAAA;SHA;SHIPPING_ADDRESS;Shipping Address
invoice-2715.tiff;1;1;2480;3508;334173;1541;905;150;43;1541;905;1691;905;1691;948;1541;948;France;AAAAAA;BA;BILLING_ADDRESS;Billing Address
invoice-2715.tiff;1;1;2480;3508;334174;124;1077;302;48;124;1077;426;1077;426;1125;124;1125;Commande-n°;AAAAAAAASAS;undefined;OTHER;OTHER
invoice-2715.tiff;1;1;2480;3508;334175;750;1077;150;43;750;1077;900;1077;900;1120;750;1120;CM5569;AANNNN;ONUM;ORDER_NUMBER;Order Number
invoice-2715.tiff;1;1;2480;3508;334176;1541;1077;109;48;1541;1077;1650;1077;1650;1125;1541;1125;Type;AAAA;undefined;OTHER;OTHER
invoice-2715.tiff;1;1;2480;3508;334177;1679;1077;54;48;1679;1077;1733;1077;1733;1125;1679;1125;de;AA;undefined;OTHER;OTHER
invoice-2715.tiff;1;1;2480;3508;334178;1761;1077;219;48;1761;1077;1980;1077;1980;1125;1761;1125;paiement;AAAAAAAA;undefined;OTHER;OTHER
invoice-2715.tiff;1;1;2480;3508;334179;2166;1077;50;43;2166;1077;2216;1077;2216;1120;2166;1120;CB;AA;PMODE;PAYMENT_MODE;Payment Mode
invoice-2715.tiff;1;1;2480;3508;334182;1361;1653;109;48;1361;1653;1470;1653;1470;1701;1361;1701;Prix;AAAA;undefined;OTHER;OTHER
invoice-2715.tiff;1;1;2480;3508;334180;411;1702;302;48;411;1702;713;1702;713;1750;411;1750;Description;AAAAAAAAAAA;undefined;OTHER;OTHER
invoice-2715.tiff;1;1;2480;3508;334181;1015;1702;219;48;1015;1702;1234;1702;1234;1750;1015;1750;Quantité;AAAAAAAA;undefined;OTHER;OTHER
invoice-2715.tiff;1;1;2480;3508;334183;1306;1702;219;48;1306;1702;1525;1702;1525;1750;1306;1750;Unitaire;AAAAAAAA;undefined;OTHER;OTHER
invoice-2715.tiff;1;1;2480;3508;334184;1598;1702;109;48;1598;1702;1707;1702;1707;1750;1598;1750;Taux;AAAA;undefined;OTHER;OTHER
invoice-2715.tiff;1;1;2480;3508;334185;1736;1702;54;48;1736;1702;1790;1702;1790;1750;1736;1750;de;AA;undefined;OTHER;OTHER
invoice-2715.tiff;1;1;2480;3508;334186;1818;1702;82;48;1818;1702;1900;1702;1900;1750;1818;1750;TVA;AAA;undefined;OTHER;OTHER
invoice-2715.tiff;1;1;2480;3508;334187;1945;1702;192;48;1945;1702;2137;1702;2137;1750;1945;1750;Montant;AAAAAAA;undefined;OTHER;OTHER
invoice-2715.tiff;1;1;2480;3508;334188;2165;1702;54;48;2165;1702;2219;1702;2219;1750;2165;1750;HT;AA;undefined;OTHER;OTHER
invoice-2715.tiff;1;1;2480;3508;334189;124;1771;200;43;124;1771;324;1771;324;1814;124;1814;Enceinte;AAAAAAAA;undefined;OTHER;OTHER
invoice-2715.tiff;1;1;2480;3508;334190;350;1771;224;43;350;1771;574;1771;574;1814;350;1814;Bluetooth;AAAAAAAAA;undefined;OTHER;OTHER
invoice-2715.tiff;1;1;2480;3508;334191;600;1771;75;43;600;1771;675;1771;675;1814;600;1814;JBL;AAA;undefined;OTHER;OTHER
invoice-2715.tiff;1;1;2480;3508;334192;700;1771;150;43;700;1771;850;1771;850;1814;700;1814;Charge;AAAAAA;undefined;OTHER;OTHER
invoice-2715.tiff;1;1;2480;3508;334193;874;1771;25;43;874;1771;899;1771;899;1814;874;1814;3;N;undefined;OTHER;OTHER
invoice-2715.tiff;1;1;2480;3508;334195;1112;1771;25;43;1112;1771;1137;1771;1137;1814;1112;1814;1;N;undefined;OTHER;OTHER
invoice-2715.tiff;1;1;2480;3508;334196;1341;1771;150;43;1341;1771;1491;1771;1491;1814;1341;1814;140,83;NNNSNN;undefined;OTHER;OTHER
invoice-2715.tiff;1;1;2480;3508;334197;1687;1771;124;43;1687;1771;1811;1771;1811;1814;1687;1814;20.0%;NNSNS;undefined;OTHER;OTHER
invoice-2715.tiff;1;1;2480;3508;334198;2008;1771;150;43;2008;1771;2158;1771;2158;1814;2008;1814;140,83;NNNSNN;undefined;OTHER;OTHER
invoice-2715.tiff;1;1;2480;3508;334194;124;1814;100;43;124;1814;224;1814;224;1857;124;1857;gris;AAAA;undefined;OTHER;OTHER
invoice-2715.tiff;1;1;2480;3508;334199;124;1900;175;43;124;1900;299;1900;299;1943;124;1943;Liquide;AAAAAAA;undefined;OTHER;OTHER
invoice-2715.tiff;1;1;2480;3508;334200;325;1900;50;43;325;1900;375;1900;375;1943;325;1943;de;AA;undefined;OTHER;OTHER
invoice-2715.tiff;1;1;2480;3508;334201;400;1900;175;43;400;1900;575;1900;575;1943;400;1943;rinçage;AAAAAAA;undefined;OTHER;OTHER
invoice-2715.tiff;1;1;2480;3508;334202;600;1900;100;43;600;1900;700;1900;700;1943;600;1943;Wpro;AAAA;undefined;OTHER;OTHER
invoice-2715.tiff;1;1;2480;3508;334203;725;1900;175;43;725;1900;900;1900;900;1943;725;1943;Liquide;AAAAAAA;undefined;OTHER;OTHER
invoice-2715.tiff;1;1;2480;3508;334204;924;1900;50;43;924;1900;974;1900;974;1943;924;1943;de;AA;undefined;OTHER;OTHER
invoice-2715.tiff;1;1;2480;3508;334208;1112;1900;25;43;1112;1900;1137;1900;1137;1943;1112;1943;2;N;undefined;OTHER;OTHER
invoice-2715.tiff;1;1;2480;3508;334209;1366;1900;100;43;1366;1900;1466;1900;1466;1943;1366;1943;3,33;NSNN;undefined;OTHER;OTHER
invoice-2715.tiff;1;1;2480;3508;334210;1687;1900;124;43;1687;1900;1811;1900;1811;1943;1687;1943;20.0%;NNSNS;undefined;OTHER;OTHER
invoice-2715.tiff;1;1;2480;3508;334211;2033;1900;100;43;2033;1900;2133;1900;2133;1943;2033;1943;6,67;NSNN;undefined;OTHER;OTHER
invoice-2715.tiff;1;1;2480;3508;334205;124;1944;175;43;124;1944;299;1944;299;1987;124;1987;rinçage;AAAAAAA;undefined;OTHER;OTHER
invoice-2715.tiff;1;1;2480;3508;334206;325;1944;75;43;325;1944;400;1944;400;1987;325;1987;RIA;AAA;undefined;OTHER;OTHER
invoice-2715.tiff;1;1;2480;3508;334207;424;1944;75;43;424;1944;499;1944;499;1987;424;1987;250;NNN;undefined;OTHER;OTHER
invoice-2715.tiff;1;1;2480;3508;334212;1716;2071;192;48;1716;2071;1908;2071;1908;2119;1716;2119;Montant;AAAAAAA;undefined;OTHER;OTHER
invoice-2715.tiff;1;1;2480;3508;334213;1936;2071;54;48;1936;2071;1990;2071;1990;2119;1936;2119;HT;AA;undefined;OTHER;OTHER
invoice-2715.tiff;1;1;2480;3508;334214;2033;2071;150;43;2033;2071;2183;2071;2183;2114;2033;2114;147,50;NNNSNN;TWTX;TOTAL_WITHOUT_TAX;TWTXS
invoice-2715.tiff;1;1;2480;3508;334215;1934;2119;82;48;1934;2119;2016;2119;2016;2167;1934;2167;TVA;AAA;undefined;OTHER;OTHER
invoice-2715.tiff;1;1;2480;3508;334216;2058;2119;124;43;2058;2119;2182;2119;2182;2162;2058;2162;29,50;NNSNN;TTX;TOTAL_TAX;Total Tax
invoice-2715.tiff;1;1;2480;3508;334217;1744;2167;137;48;1744;2167;1881;2167;1881;2215;1744;2215;Total;AAAAA;undefined;OTHER;OTHER
invoice-2715.tiff;1;1;2480;3508;334218;1909;2167;82;48;1909;2167;1991;2167;1991;2215;1909;2215;TTC;AAA;undefined;OTHER;OTHER
invoice-2715.tiff;1;1;2480;3508;334219;2033;2167;150;43;2033;2167;2183;2167;2183;2210;2033;2210;177,00;NNNSNN;TA;TOTAL_AMOUNT;Total with TAX
invoice-2715.tiff;1;1;2480;3508;334220;124;3154;175;43;124;3154;299;3154;299;3197;124;3197;ELEVAGE;AAAAAAA;SN;SUPPLIER_NAME;Seller/Company) name
invoice-2715.tiff;1;1;2480;3508;334221;325;3154;75;43;325;3154;400;3154;400;3197;325;3197;LES;AAA;SN;SUPPLIER_NAME;Seller/Company) name
invoice-2715.tiff;1;1;2480;3508;334222;424;3154;124;43;424;3154;548;3154;548;3197;424;3197;MINIS;AAAAA;SN;SUPPLIER_NAME;Seller/Company) name
invoice-2715.tiff;1;1;2480;3508;334223;575;3154;50;43;575;3154;625;3154;625;3197;575;3197;DE;AA;SN;SUPPLIER_NAME;Seller/Company) name
invoice-2715.tiff;1;1;2480;3508;334224;650;3154;200;43;650;3154;850;3154;850;3197;650;3197;LOUTHANE;AAAAAAAA;SN;SUPPLIER_NAME;Seller/Company) name
invoice-2715.tiff;1;1;2480;3508;334225;124;3197;75;43;124;3197;199;3197;199;3240;124;3240;MAS;AAA;SA;SUPPLIER_ADDRESS;Seller Address
invoice-2715.tiff;1;1;2480;3508;334226;224;3197;50;43;224;3197;274;3197;274;3240;224;3240;DE;AA;SA;SUPPLIER_ADDRESS;Seller Address
invoice-2715.tiff;1;1;2480;3508;334227;300;3197;249;43;300;3197;549;3197;549;3240;300;3240;PEYCHERING;AAAAAAAAAA;SA;SUPPLIER_ADDRESS;Seller Address
invoice-2715.tiff;1;1;2480;3508;334228;124;3241;124;43;124;3241;248;3241;248;3284;124;3284;34130;NNNNN;SA;SUPPLIER_ADDRESS;Seller Address
invoice-2715.tiff;1;1;2480;3508;334229;291;3241;249;43;291;3241;540;3241;540;3284;291;3284;LANSARGUES;AAAAAAAAAA;SA;SUPPLIER_ADDRESS;Seller Address
invoice-2715.tiff;1;1;2480;3508;334230;124;3285;150;43;124;3285;274;3285;274;3328;124;3328;FRANCE;AAAAAA;SA;SUPPLIER_ADDRESS;Seller Address
