src;num_pages;page_id;page_width;page_height;id;col;row;width;height;x1;y1;x2;y2;x3;y3;x4;y4;contents;contents_masked;correctclass;tag;description
invoice-183.tiff;1;1;2480;3508;22821;1187;62;165;175;1187;62;1352;62;1352;237;1187;237;common/logo;AAAAAASAAAA;img;IMAGE;Image
invoice-183.tiff;1;1;2480;3508;22816;124;258;172;59;124;258;296;258;296;317;124;317;Invoice;AAAAAAA;undefined;OTHER;OTHER
invoice-183.tiff;1;1;2480;3508;22817;311;258;108;59;311;258;419;258;419;317;311;317;Date;AAAA;undefined;OTHER;OTHER
invoice-183.tiff;1;1;2480;3508;22818;482;258;86;52;482;258;568;258;568;310;482;310;may;AAA;IDATE;INVOICE_DATE;Invoice Date
invoice-183.tiff;1;1;2480;3508;22819;581;258;38;52;581;258;619;258;619;310;581;310;7,;NS;IDATE;INVOICE_DATE;Invoice Date
invoice-183.tiff;1;1;2480;3508;22820;632;258;101;52;632;258;733;258;733;310;632;310;1986;NNNN;IDATE;INVOICE_DATE;Invoice Date
invoice-183.tiff;1;1;2480;3508;22822;1187;412;305;49;1187;412;1492;412;1492;461;1187;461;LABORATOIRE;AAAAAAAAAAA;SN;SUPPLIER_NAME;Seller/Company) name
invoice-183.tiff;1;1;2480;3508;22823;1504;412;57;49;1504;412;1561;412;1561;461;1504;461;DE;AA;SN;SUPPLIER_NAME;Seller/Company) name
invoice-183.tiff;1;1;2480;3508;22824;1574;412;212;49;1574;412;1786;412;1786;461;1574;461;NEMOURS;AAAAAAA;SN;SUPPLIER_NAME;Seller/Company) name
invoice-183.tiff;1;1;2480;3508;22825;1187;462;46;48;1187;462;1233;462;1233;510;1187;510;18;NN;SA;SUPPLIER_ADDRESS;Seller Address
invoice-183.tiff;1;1;2480;3508;22826;1245;462;171;48;1245;462;1416;462;1416;510;1245;510;AVENUE;AAAAAA;SA;SUPPLIER_ADDRESS;Seller Address
invoice-183.tiff;1;1;2480;3508;22827;1428;462;175;48;1428;462;1603;462;1603;510;1428;510;CARNOT;AAAAAA;SA;SUPPLIER_ADDRESS;Seller Address
invoice-183.tiff;1;1;2480;3508;22828;1612;462;11;48;1612;462;1623;462;1623;510;1612;510;,;S;SA;SUPPLIER_ADDRESS;Seller Address
invoice-183.tiff;1;1;2480;3508;22829;1635;462;115;48;1635;462;1750;462;1750;510;1635;510;77140;NNNNN;SA;SUPPLIER_ADDRESS;Seller Address
invoice-183.tiff;1;1;2480;3508;22830;1759;462;212;48;1759;462;1971;462;1971;510;1759;510;NEMOURS;AAAAAAA;SA;SUPPLIER_ADDRESS;Seller Address
invoice-183.tiff;1;1;2480;3508;22831;1981;462;11;48;1981;462;1992;462;1992;510;1981;510;,;S;SA;SUPPLIER_ADDRESS;Seller Address
invoice-183.tiff;1;1;2480;3508;22832;2004;462;171;48;2004;462;2175;462;2175;510;2004;510;FRANCE;AAAAAA;SA;SUPPLIER_ADDRESS;Seller Address
invoice-183.tiff;1;1;2480;3508;22833;1187;510;120;48;1187;510;1307;510;1307;558;1187;558;Phone;AAAAA;undefined;OTHER;OTHER
invoice-183.tiff;1;1;2480;3508;22834;1332;510;70;48;1332;510;1402;510;1402;558;1332;558;+33;SNN;SCN;SUPPLIER_CONTACT_NUMBER;Seller Contact Number
invoice-183.tiff;1;1;2480;3508;22835;1415;510;50;48;1415;510;1465;510;1465;558;1415;558;(0);SNS;SCN;SUPPLIER_CONTACT_NUMBER;Seller Contact Number
invoice-183.tiff;1;1;2480;3508;22836;1477;510;23;48;1477;510;1500;510;1500;558;1477;558;4;N;SCN;SUPPLIER_CONTACT_NUMBER;Seller Contact Number
invoice-183.tiff;1;1;2480;3508;22837;1512;510;46;48;1512;510;1558;510;1558;558;1512;558;04;NN;SCN;SUPPLIER_CONTACT_NUMBER;Seller Contact Number
invoice-183.tiff;1;1;2480;3508;22838;1570;510;46;48;1570;510;1616;510;1616;558;1570;558;50;NN;SCN;SUPPLIER_CONTACT_NUMBER;Seller Contact Number
invoice-183.tiff;1;1;2480;3508;22839;1628;510;46;48;1628;510;1674;510;1674;558;1628;558;89;NN;SCN;SUPPLIER_CONTACT_NUMBER;Seller Contact Number
invoice-183.tiff;1;1;2480;3508;22840;1686;510;46;48;1686;510;1732;510;1732;558;1686;558;77;NN;SCN;SUPPLIER_CONTACT_NUMBER;Seller Contact Number
invoice-183.tiff;1;1;2480;3508;22841;1774;510;69;48;1774;510;1843;510;1843;558;1774;558;Fax;AAA;undefined;OTHER;OTHER
invoice-183.tiff;1;1;2480;3508;22842;1868;510;70;48;1868;510;1938;510;1938;558;1868;558;+33;SNN;SFAX;SUPPLIER_FAX_NUMBER;Seller Fax Number
invoice-183.tiff;1;1;2480;3508;22843;1950;510;50;48;1950;510;2000;510;2000;558;1950;558;(0);SNS;SFAX;SUPPLIER_FAX_NUMBER;Seller Fax Number
invoice-183.tiff;1;1;2480;3508;22844;2013;510;23;48;2013;510;2036;510;2036;558;2013;558;4;N;SFAX;SUPPLIER_FAX_NUMBER;Seller Fax Number
invoice-183.tiff;1;1;2480;3508;22845;2048;510;46;48;2048;510;2094;510;2094;558;2048;558;04;NN;SFAX;SUPPLIER_FAX_NUMBER;Seller Fax Number
invoice-183.tiff;1;1;2480;3508;22846;2106;510;46;48;2106;510;2152;510;2152;558;2106;558;50;NN;SFAX;SUPPLIER_FAX_NUMBER;Seller Fax Number
invoice-183.tiff;1;1;2480;3508;22847;2163;510;46;48;2163;510;2209;510;2209;558;2163;558;57;NN;SFAX;SUPPLIER_FAX_NUMBER;Seller Fax Number
invoice-183.tiff;1;1;2480;3508;22848;2221;510;46;48;2221;510;2267;510;2267;558;2221;558;29;NN;SFAX;SUPPLIER_FAX_NUMBER;Seller Fax Number
invoice-183.tiff;1;1;2480;3508;22849;124;954;157;49;124;954;281;954;281;1003;124;1003;Garland;AAAAAAA;BN;BILLING_NAME;Billing Name
invoice-183.tiff;1;1;2480;3508;22850;294;954;92;49;294;954;386;954;386;1003;294;1003;Beer;AAAA;BN;BILLING_NAME;Billing Name
invoice-183.tiff;1;1;2480;3508;22851;124;1004;57;48;124;1004;181;1004;181;1052;124;1052;15,;NNS;BA;BILLING_ADDRESS;Billing Address
invoice-183.tiff;1;1;2480;3508;22852;194;1004;60;48;194;1004;254;1004;254;1052;194;1052;rue;AAA;BA;BILLING_ADDRESS;Billing Address
invoice-183.tiff;1;1;2480;3508;22853;266;1004;46;48;266;1004;312;1004;312;1052;266;1052;du;AA;BA;BILLING_ADDRESS;Billing Address
invoice-183.tiff;1;1;2480;3508;22854;324;1004;101;48;324;1004;425;1004;425;1052;324;1052;creux;AAAAA;BA;BILLING_ADDRESS;Billing Address
invoice-183.tiff;1;1;2480;3508;22855;437;1004;111;48;437;1004;548;1004;548;1052;437;1052;lachet;AAAAAA;BA;BILLING_ADDRESS;Billing Address
invoice-183.tiff;1;1;2480;3508;22856;124;1052;115;48;124;1052;239;1052;239;1100;124;1100;21700;NNNNN;BA;BILLING_ADDRESS;Billing Address
invoice-183.tiff;1;1;2480;3508;22857;282;1052;319;48;282;1052;601;1052;601;1100;282;1100;Magny-lès-Villers;AAAAASAAASAAAAAAA;BA;BILLING_ADDRESS;Billing Address
invoice-183.tiff;1;1;2480;3508;22871;1541;1094;157;54;1541;1094;1698;1094;1698;1148;1541;1148;Invoice;AAAAAAA;undefined;OTHER;OTHER
invoice-183.tiff;1;1;2480;3508;22872;1712;1094;173;54;1712;1094;1885;1094;1885;1148;1712;1148;Number;AAAAAA;undefined;OTHER;OTHER
invoice-183.tiff;1;1;2480;3508;22873;2166;1094;176;48;2166;1094;2342;1094;2342;1142;2166;1142;INV-8269;AAASNNNN;IN;INVOICE_NUMBER;Invoice Number
invoice-183.tiff;1;1;2480;3508;22858;124;1100;129;48;124;1100;253;1100;253;1148;124;1148;France;AAAAAA;BA;BILLING_ADDRESS;Billing Address
invoice-183.tiff;1;1;2480;3508;22874;1541;1169;127;54;1541;1169;1668;1169;1668;1223;1541;1223;Client;AAAAAA;undefined;OTHER;OTHER
invoice-183.tiff;1;1;2480;3508;22875;1681;1169;173;54;1681;1169;1854;1169;1854;1223;1681;1223;Number;AAAAAA;undefined;OTHER;OTHER
invoice-183.tiff;1;1;2480;3508;22876;2166;1169;159;48;2166;1169;2325;1169;2325;1217;2166;1217;CL-4302;AASNNNN;CNUM;CLIENT_NUMBER;Client Number
invoice-183.tiff;1;1;2480;3508;22859;124;1190;122;59;124;1190;246;1190;246;1249;124;1249;Send;AAAA;undefined;OTHER;OTHER
invoice-183.tiff;1;1;2480;3508;22860;261;1190;61;59;261;1190;322;1190;322;1249;261;1249;To;AA;undefined;OTHER;OTHER
invoice-183.tiff;1;1;2480;3508;22861;124;1250;157;49;124;1250;281;1250;281;1299;124;1299;Garland;AAAAAAA;SHN;SHIPPING_NAME;Shipping Name
invoice-183.tiff;1;1;2480;3508;22862;294;1250;92;49;294;1250;386;1250;386;1299;294;1299;Beer;AAAA;SHN;SHIPPING_NAME;Shipping Name
invoice-183.tiff;1;1;2480;3508;22863;124;1299;57;48;124;1299;181;1299;181;1347;124;1347;15,;NNS;SHA;SHIPPING_ADDRESS;Shipping Address
invoice-183.tiff;1;1;2480;3508;22864;194;1299;60;48;194;1299;254;1299;254;1347;194;1347;rue;AAA;SHA;SHIPPING_ADDRESS;Shipping Address
invoice-183.tiff;1;1;2480;3508;22865;266;1299;46;48;266;1299;312;1299;312;1347;266;1347;du;AA;SHA;SHIPPING_ADDRESS;Shipping Address
invoice-183.tiff;1;1;2480;3508;22866;324;1299;101;48;324;1299;425;1299;425;1347;324;1347;creux;AAAAA;SHA;SHIPPING_ADDRESS;Shipping Address
invoice-183.tiff;1;1;2480;3508;22867;437;1299;111;48;437;1299;548;1299;548;1347;437;1347;lachet;AAAAAA;SHA;SHIPPING_ADDRESS;Shipping Address
invoice-183.tiff;1;1;2480;3508;22868;124;1347;115;48;124;1347;239;1347;239;1395;124;1395;21700;NNNNN;SHA;SHIPPING_ADDRESS;Shipping Address
invoice-183.tiff;1;1;2480;3508;22869;282;1347;319;48;282;1347;601;1347;601;1395;282;1395;Magny-lès-Villers;AAAAASAAASAAAAAAA;SHA;SHIPPING_ADDRESS;Shipping Address
invoice-183.tiff;1;1;2480;3508;22870;124;1395;129;48;124;1395;253;1395;253;1443;124;1443;France;AAAAAA;SHA;SHIPPING_ADDRESS;Shipping Address
invoice-183.tiff;1;1;2480;3508;22877;171;1711;73;54;171;1711;244;1711;244;1765;171;1765;No.;AAS;undefined;OTHER;OTHER
invoice-183.tiff;1;1;2480;3508;22878;399;1711;76;54;399;1711;475;1711;475;1765;399;1765;Qty;AAA;undefined;OTHER;OTHER
invoice-183.tiff;1;1;2480;3508;22879;840;1711;277;54;840;1711;1117;1711;1117;1765;840;1765;Descriptions;AAAAAAAAAAAA;undefined;OTHER;OTHER
invoice-183.tiff;1;1;2480;3508;22880;1476;1711;89;54;1476;1711;1565;1711;1565;1765;1476;1765;U.P.;ASAS;undefined;OTHER;OTHER
invoice-183.tiff;1;1;2480;3508;22881;1714;1711;196;54;1714;1711;1910;1711;1910;1765;1714;1765;VAT/TVA;AAASAAA;undefined;OTHER;OTHER
invoice-183.tiff;1;1;2480;3508;22882;2017;1711;173;54;2017;1711;2190;1711;2190;1765;2017;1765;Amount;AAAAAA;undefined;OTHER;OTHER
invoice-183.tiff;1;1;2480;3508;22883;196;1786;23;49;196;1786;219;1786;219;1835;196;1835;1;N;undefined;OTHER;OTHER
invoice-183.tiff;1;1;2480;3508;22884;425;1786;23;49;425;1786;448;1786;448;1835;425;1835;4;N;undefined;OTHER;OTHER
invoice-183.tiff;1;1;2480;3508;22885;583;1786;64;49;583;1786;647;1786;647;1835;583;1835;Clé;AAA;undefined;OTHER;OTHER
invoice-183.tiff;1;1;2480;3508;22886;659;1786;87;49;659;1786;746;1786;746;1835;659;1835;USB;AAA;undefined;OTHER;OTHER
invoice-183.tiff;1;1;2480;3508;22887;759;1786;192;49;759;1786;951;1786;951;1835;759;1835;sécurisée;AAAAAAAAA;undefined;OTHER;OTHER
invoice-183.tiff;1;1;2480;3508;22888;963;1786;83;49;963;1786;1046;1786;1046;1835;963;1835;Mdk;AAA;undefined;OTHER;OTHER
invoice-183.tiff;1;1;2480;3508;22889;1058;1786;189;49;1058;1786;1247;1786;1247;1835;1058;1835;Solutions;AAAAAAAAA;undefined;OTHER;OTHER
invoice-183.tiff;1;1;2480;3508;22895;1451;1786;104;49;1451;1786;1555;1786;1555;1835;1451;1835;62,42;NNSNN;undefined;OTHER;OTHER
invoice-183.tiff;1;1;2480;3508;22896;1567;1786;23;49;1567;1786;1590;1786;1590;1835;1567;1835;$;S;undefined;OTHER;OTHER
invoice-183.tiff;1;1;2480;3508;22897;1753;1786;118;49;1753;1786;1871;1786;1871;1835;1753;1835;20.0%;NNSNS;undefined;OTHER;OTHER
invoice-183.tiff;1;1;2480;3508;22898;2023;1786;127;49;2023;1786;2150;1786;2150;1835;2023;1835;249,67;NNNSNN;undefined;OTHER;OTHER
invoice-183.tiff;1;1;2480;3508;22899;2162;1786;23;49;2162;1786;2185;1786;2185;1835;2162;1835;$;S;undefined;OTHER;OTHER
invoice-183.tiff;1;1;2480;3508;22890;583;1836;150;49;583;1836;733;1836;733;1885;583;1885;Mac/PC;AAASAA;undefined;OTHER;OTHER
invoice-183.tiff;1;1;2480;3508;22891;745;1836;226;49;745;1836;971;1836;971;1885;745;1885;chiffrement;AAAAAAAAAAA;undefined;OTHER;OTHER
invoice-183.tiff;1;1;2480;3508;22892;983;1836;37;49;983;1836;1020;1836;1020;1885;983;1885;et;AA;undefined;OTHER;OTHER
invoice-183.tiff;1;1;2480;3508;22893;1032;1836;138;49;1032;1836;1170;1836;1170;1885;1032;1885;Disque;AAAAAA;undefined;OTHER;OTHER
invoice-183.tiff;1;1;2480;3508;22894;1182;1836;129;49;1182;1836;1311;1836;1311;1885;1182;1885;Virtuel;AAAAAAA;undefined;OTHER;OTHER
invoice-183.tiff;1;1;2480;3508;22900;196;1927;23;49;196;1927;219;1927;219;1976;196;1976;2;N;undefined;OTHER;OTHER
invoice-183.tiff;1;1;2480;3508;22901;425;1927;23;49;425;1927;448;1927;448;1976;425;1976;3;N;undefined;OTHER;OTHER
invoice-183.tiff;1;1;2480;3508;22902;583;1927;115;49;583;1927;698;1927;698;1976;583;1976;Ampli;AAAAA;undefined;OTHER;OTHER
invoice-183.tiff;1;1;2480;3508;22903;710;1927;115;49;710;1927;825;1927;825;1976;710;1976;Home;AAAA;undefined;OTHER;OTHER
invoice-183.tiff;1;1;2480;3508;22904;837;1927;150;49;837;1927;987;1927;987;1976;837;1976;Cinema;AAAAAA;undefined;OTHER;OTHER
invoice-183.tiff;1;1;2480;3508;22905;1000;1927;129;49;1000;1927;1129;1927;1129;1976;1000;1976;Onkyo;AAAAA;undefined;OTHER;OTHER
invoice-183.tiff;1;1;2480;3508;22906;1141;1927;182;49;1141;1927;1323;1927;1323;1976;1141;1976;TXNR474;AAAANNN;undefined;OTHER;OTHER
invoice-183.tiff;1;1;2480;3508;22908;1439;1927;127;49;1439;1927;1566;1927;1566;1976;1439;1976;415,83;NNNSNN;undefined;OTHER;OTHER
invoice-183.tiff;1;1;2480;3508;22909;1578;1927;23;49;1578;1927;1601;1927;1601;1976;1578;1976;$;S;undefined;OTHER;OTHER
invoice-183.tiff;1;1;2480;3508;22910;1753;1927;118;49;1753;1927;1871;1927;1871;1976;1753;1976;20.0%;NNSNS;undefined;OTHER;OTHER
invoice-183.tiff;1;1;2480;3508;22911;2011;1927;150;49;2011;1927;2161;1927;2161;1976;2011;1976;1247,50;NNNNSNN;undefined;OTHER;OTHER
invoice-183.tiff;1;1;2480;3508;22912;2173;1927;23;49;2173;1927;2196;1927;2196;1976;2173;1976;$;S;undefined;OTHER;OTHER
invoice-183.tiff;1;1;2480;3508;22907;583;1977;113;49;583;1977;696;1977;696;2026;583;2026;Silver;AAAAAA;undefined;OTHER;OTHER
invoice-183.tiff;1;1;2480;3508;22913;1808;2110;173;54;1808;2110;1981;2110;1981;2164;1808;2164;Amount;AAAAAA;undefined;OTHER;OTHER
invoice-183.tiff;1;1;2480;3508;22914;2022;2110;150;49;2022;2110;2172;2110;2172;2159;2022;2159;1497,17;NNNNSNN;TWTX;TOTAL_WITHOUT_TAX;TWTXS
invoice-183.tiff;1;1;2480;3508;22915;2185;2110;23;49;2185;2110;2208;2110;2208;2159;2185;2159;$;S;TWTX;TOTAL_WITHOUT_TAX;TWTXS
invoice-183.tiff;1;1;2480;3508;22916;1726;2164;91;54;1726;2164;1817;2164;1817;2218;1726;2218;TVA;AAA;undefined;OTHER;OTHER
invoice-183.tiff;1;1;2480;3508;22917;1831;2164;173;54;1831;2164;2004;2164;2004;2218;1831;2218;Amount;AAAAAA;undefined;OTHER;OTHER
invoice-183.tiff;1;1;2480;3508;22918;2046;2164;127;49;2046;2164;2173;2164;2173;2213;2046;2213;299,43;NNNSNN;TTX;TOTAL_TAX;Total Tax
invoice-183.tiff;1;1;2480;3508;22919;2185;2164;23;49;2185;2164;2208;2164;2208;2213;2185;2213;$;S;TTX;TOTAL_TAX;Total Tax
invoice-183.tiff;1;1;2480;3508;22920;1685;2219;109;54;1685;2219;1794;2219;1794;2273;1685;2273;Total;AAAAA;undefined;OTHER;OTHER
invoice-183.tiff;1;1;2480;3508;22921;1808;2219;173;54;1808;2219;1981;2219;1981;2273;1808;2273;Amount;AAAAAA;undefined;OTHER;OTHER
invoice-183.tiff;1;1;2480;3508;22922;2022;2219;150;49;2022;2219;2172;2219;2172;2268;2022;2268;1796,60;NNNNSNN;TA;TOTAL_AMOUNT;Total with TAX
invoice-183.tiff;1;1;2480;3508;22923;2185;2219;23;49;2185;2219;2208;2219;2208;2268;2185;2268;$;S;TA;TOTAL_AMOUNT;Total with TAX
invoice-183.tiff;1;1;2480;3508;22924;124;2603;191;54;124;2603;315;2603;315;2657;124;2657;Payment;AAAAAAA;undefined;OTHER;OTHER
invoice-183.tiff;1;1;2480;3508;22925;328;2603;145;54;328;2603;473;2603;473;2657;328;2657;means;AAAAA;undefined;OTHER;OTHER
invoice-183.tiff;1;1;2480;3508;22926;750;2603;145;48;750;2603;895;2603;895;2651;750;2651;Cheque;AAAAAA;PMODE;PAYMENT_MODE;Payment Mode
invoice-183.tiff;1;1;2480;3508;22927;1650;3154;305;49;1650;3154;1955;3154;1955;3203;1650;3203;LABORATOIRE;AAAAAAAAAAA;SN;SUPPLIER_NAME;Seller/Company) name
invoice-183.tiff;1;1;2480;3508;22928;1967;3154;57;49;1967;3154;2024;3154;2024;3203;1967;3203;DE;AA;SN;SUPPLIER_NAME;Seller/Company) name
invoice-183.tiff;1;1;2480;3508;22929;2037;3154;212;49;2037;3154;2249;3154;2249;3203;2037;3203;NEMOURS;AAAAAAA;SN;SUPPLIER_NAME;Seller/Company) name
invoice-183.tiff;1;1;2480;3508;22930;1299;3203;46;48;1299;3203;1345;3203;1345;3251;1299;3251;18;NN;SA;SUPPLIER_ADDRESS;Seller Address
invoice-183.tiff;1;1;2480;3508;22931;1357;3203;171;48;1357;3203;1528;3203;1528;3251;1357;3251;AVENUE;AAAAAA;SA;SUPPLIER_ADDRESS;Seller Address
invoice-183.tiff;1;1;2480;3508;22932;1540;3203;175;48;1540;3203;1715;3203;1715;3251;1540;3251;CARNOT;AAAAAA;SA;SUPPLIER_ADDRESS;Seller Address
invoice-183.tiff;1;1;2480;3508;22933;1724;3203;115;48;1724;3203;1839;3203;1839;3251;1724;3251;77140;NNNNN;SA;SUPPLIER_ADDRESS;Seller Address
invoice-183.tiff;1;1;2480;3508;22934;1849;3203;212;48;1849;3203;2061;3203;2061;3251;1849;3251;NEMOURS;AAAAAAA;SA;SUPPLIER_ADDRESS;Seller Address
invoice-183.tiff;1;1;2480;3508;22935;2070;3203;171;48;2070;3203;2241;3203;2241;3251;2070;3251;FRANCE;AAAAAA;SA;SUPPLIER_ADDRESS;Seller Address
